1.467556347732544
1.0732557995986938
0.8805827576446533
0.743429817352295
0.6297913934516907
0.5380738774299622
0.45964270860671996
0.372309553642273
0.3142311643409729
0.2580495649909973
0.2076521291923523
0.18124792278289795
0.1539813685798645
0.12957592449188232
0.11037847967624664
0.09940900366783142
0.09167408060312271
0.07872965429782867
0.07202783807754516
0.06464464632749557
0.06716241758346557
0.0681000706577301
0.04610686697244644
0.06264608520030976
0.04987769187688827
0.05446631033062935
0.04452796858787537
0.05137889789521694
0.036562133849859235
0.03644861137390137
0.04800541843533516
0.04285675508022308
0.04451170399188995
0.043647282660007475
0.03748737785339355
0.04238215000152588
0.03541616396784782
0.03256127839684486
0.04430448802828789
0.025650766606330873
0.03887292205095291
0.03986945322751999
0.029616611546725034
0.021989724500179293
0.040337775037288665
0.03403734325826168
0.02363245509624481
0.0349459938454628
0.034452709628343584
0.02628050581932068
0.0355952051332593
0.027266632124185564
0.03359459302425385
0.02523920815721154
0.03580507361292839
0.029946223387718202
0.030429367055892945
0.023518361740112306
0.02674389568924904
0.024533045852184295
0.03758909712195396
0.028415580669641494
0.026104524252414704
0.03625540601029992
0.01424988808095455
0.018948463093042375
0.038987598224282265
0.020750201463103295
0.02813106405735016
0.023769630303382874
0.027014952878952028
0.03134243424654007
0.02279643019378185
0.0226775700455904
0.026439581327438354
0.026260994396209717
0.02654568605661392
0.024015273592472075
0.020308411310315133
0.01904266543596983
0.008525851849466562
0.0018464284209907054
0.0011770062040537595
0.0008662158985994756
0.0006957072258368135
0.0006067521220445633
0.0005188440728746354
0.0004845374669879675
0.0004188225696887821
0.00039557777092792093
0.00037233464166522024
0.0003376142477616668
0.00032293902680277826
0.0003123291751742363
0.00026906350780278446
0.00025652062083594503
0.00024856181508395823
0.0002208081042766571
0.00020366352097131313
0.00019029087116010488
0.00019501546889543533
0.00020173392355442047
0.0001684805248118937
0.0001659321614354849
0.00016060966951772572
0.00014415221999865025
0.00014023458767682315
0.0001313499032333493
0.00013134143923409282
0.000126776068569161
0.00012289612516760826
0.0001137953629810363
0.00010910100929439068
0.00010028759903274476
9.901839810190723e-05
9.404257268179208e-05
8.911748374812306e-05
8.49002723954618e-05
8.161200115457178e-05
7.853980808518827e-05
7.606622537598014e-05
8.480735519900918e-05
6.836994445649907e-05
6.547053944785148e-05
6.70902771060355e-05
6.269474138505757e-05
6.350225639063865e-05
5.9278485737740995e-05
5.920187710784376e-05
5.806188517250121e-05
5.471277970820665e-05
5.301598753780127e-05
7.555208302102983e-05
5.518571223132312e-05
4.950435126200318e-05
5.326449775137007e-05
4.8396715871058405e-05
4.642085556057282e-05
4.469244438223541e-05
4.148461664910428e-05
4.7767892507836224e-05
4.359595433343202e-05
4.112154169124551e-05
4.137796789116692e-05
4.130217294674367e-05
4.3958849781192836e-05
4.149323819205165e-05
4.167792088817805e-05
4.229303028434515e-05
4.1938977297395467e-05
4.163191067520529e-05
3.908368594711646e-05
4.2623378755524755e-05
4.389988374430686e-05
4.1023485832847656e-05
4.10413801856339e-05
4.5491335121914745e-05
3.974542940966785e-05
4.1747736874967815e-05
3.958903286140412e-05
4.2120011458173396e-05
4.292321662651375e-05
4.086129933129996e-05
4.105895222630352e-05
3.8067152227740735e-05
4.0456681065261364e-05
4.254633215721697e-05
4.234317335300147e-05
4.101252585183829e-05
3.899117278400809e-05
3.980423127999529e-05
4.109581393189728e-05
3.977990203886293e-05
4.0937238400802014e-05
4.125371543457732e-05
3.9742986515630037e-05
3.764909359393641e-05
3.716713448287919e-05
3.894989009713754e-05
4.099389321170747e-05
4.038686397485435e-05
3.9545386678073555e-05
4.3341701505705715e-05
3.7881560558453204e-05
3.7760604061186316e-05
3.8968997239135207e-05
3.6640790021046996e-05
3.8759083389304576e-05
3.8647852649446576e-05
3.847438152879477e-05
3.575207870395388e-05
3.8105487758293745e-05
4.068558950908482e-05
3.7932054018601775e-05
3.929622005671263e-05
3.695279594976455e-05
3.428192624589428e-05
3.658671434037387e-05
4.088319647591561e-05
3.911005549132824e-05
