0.44278
0.57488
0.64014
0.68734
0.70194
0.7449
0.7678
0.84114
0.85174
0.85888
0.8046
0.89078
0.89468
0.90716
0.90014
0.88802
0.88032
0.918
0.93206
0.8529
0.93894
0.95786
0.95662
0.89474
0.92086
0.9374
0.9419
0.94042
0.95748
0.94234
0.86512
0.96748
0.93264
0.95962
0.9517
0.95354
0.93396
0.88234
0.93504
0.9592
0.96414
0.88112
0.93644
0.95742
0.95032
0.94658
0.94746
0.95432
0.93116
0.88936
0.93746
0.95318
0.95536
0.95882
0.89806
0.94946
0.9406
0.93682
0.96236
0.92246
0.93506
0.94542
0.94834
0.96152
0.95016
0.94418
0.96772
0.90826
0.96606
0.96574
0.9595
0.9571
0.97962
0.921
0.97316
0.95878
0.96198
0.95932
0.96828
0.974
0.99986
1.0
1.0
1.0
1.0
1.0
1.0
1.0
1.0
1.0
1.0
1.0
1.0
1.0
1.0
1.0
1.0
1.0
1.0
1.0
1.0
1.0
1.0
1.0
1.0
1.0
1.0
1.0
1.0
1.0
1.0
1.0
1.0
1.0
1.0
0.99996
1.0
1.0
1.0
1.0
1.0
1.0
1.0
1.0
1.0
1.0
1.0
1.0
1.0
1.0
1.0
1.0
1.0
1.0
1.0
1.0
1.0
1.0
1.0
1.0
1.0
1.0
1.0
1.0
1.0
1.0
1.0
1.0
1.0
1.0
1.0
1.0
1.0
1.0
1.0
1.0
1.0
1.0
1.0
1.0
