1.4960606214904786
1.110696029624939
0.8901124199676513
0.7551715118408203
0.6560858948898315
0.5634094606208802
0.47618024635314943
0.4082945734214783
0.34069352617263793
0.2915939631938934
0.23794092900276184
0.19202383842468262
0.1682687023639679
0.1444061095428467
0.13136622095108033
0.11127153719902039
0.10168769794225693
0.08560872857093811
0.08648780681848527
0.08339958742380142
0.07518930699467659
0.058364912511110305
0.058106434268951415
0.06924787496566773
0.06285305198192596
0.06753912114858628
0.05183104630947113
0.0546668303501606
0.046231301867961885
0.05252174780845642
0.04423072011232376
0.040818712208271025
0.06181852160692215
0.04577880719184876
0.04158123662024736
0.03584857003927231
0.052791767892539504
0.03636904063761234
0.03399094574213028
0.05248777746677399
0.03162800490379333
0.0452732937848568
0.03410268561810255
0.03903901385307312
0.03362071458339691
0.04110926083564758
0.04002783136844635
0.041759859523773195
0.02418476111769676
0.039404090766906735
0.03767687674880028
0.03470809824943542
0.028542401180267334
0.03905979667901993
0.03252951828479767
0.04671225394427776
0.03284321185350418
0.03959693913221359
0.027001228380203246
0.03140633078336716
0.042086031551361085
0.03693572668194771
0.025763349540233613
0.031170552694201468
0.03250526131361723
0.04392103089570999
0.03259682726383209
0.02749691575407982
0.035666477241516115
0.02564703134149313
0.027778412228226662
0.03198264937162399
0.0314268667948246
0.03547987847507
0.027025505645275116
0.03294616331577301
0.03606766204357147
0.021813840016126632
0.02096511620402336
0.04188609180688858
0.014640157195329667
0.002920941915884614
0.001874995050728321
0.0014025248547643423
0.0011727573267556726
0.0010169979460537433
0.0008920255026221276
0.0008049813035689294
0.0007020089539140463
0.0006481879154965281
0.0005804596152901649
0.000549630844881758
0.0004614540588669479
0.00043095517989248037
0.000419353741183877
0.0003994522189674899
0.0003613232462853193
0.00032389722226653246
0.0003015159071236849
0.00028116204334422947
0.00028528956957161425
0.00025040314527228477
0.00023400653107091786
0.00021169750329107047
0.00020727425883524119
0.00019525332394987346
0.00017939811096526683
0.00016819477185606957
0.00014654659127350897
0.00014278222107794137
0.00013104131465777754
0.00012413652857765555
0.00011119642264209688
0.00010002597932238132
9.647523852996528e-05
8.753572869114578e-05
8.182253514882177e-05
7.647607686929404e-05
6.935629586689174e-05
5.9325684867799284e-05
5.8351750476285816e-05
5.753161692991853e-05
6.187690895982087e-05
5.399089565267786e-05
5.464070565998554e-05
5.648787318263203e-05
5.502518361900002e-05
5.995321437949315e-05
5.836804153397679e-05
5.36475371569395e-05
5.085451483493671e-05
5.3614514558576044e-05
6.147578531876206e-05
5.1737230559811e-05
5.325268201064318e-05
4.9352063010446725e-05
4.905793784884736e-05
5.096475106664002e-05
4.954179913678672e-05
4.860262136673555e-05
4.755715649691411e-05
5.1741078320192174e-05
4.969925306271762e-05
4.399651989340782e-05
4.494992423104122e-05
5.011737409775378e-05
4.7588469563052055e-05
4.610056657111272e-05
4.709371061529964e-05
4.528087786864489e-05
4.196208417415619e-05
4.3843818811001254e-05
4.433767904061824e-05
4.482197748031467e-05
4.3966822111979125e-05
4.145108398515731e-05
4.393018822185695e-05
4.252169602084905e-05
3.8832669530529525e-05
4.1884609854314476e-05
