1.5314818853378296
1.0764965046691894
0.8999436266326905
0.7699113143730164
0.6790122612953186
0.5890335931968689
0.5315505970859528
0.4675258072090149
0.4112547956085205
0.3578725466060638
0.32416211027145386
0.2882785096549988
0.24465777594566346
0.21981792726516725
0.19706509521722793
0.18156692583084105
0.1741539017534256
0.1558887244129181
0.14115270924448967
0.13998258401870728
0.1353327690076828
0.12020408884048461
0.12284896513938903
0.11636708138942718
0.11160625247955322
0.11728228013038636
0.10868078605175019
0.11187505787849426
0.10792605525255203
0.09918147704124451
0.11414596847057343
0.10039389426708221
0.1013587756729126
0.10484596647262573
0.10418308579444885
0.09585318636775017
0.10096280195236206
0.10364311949133873
0.0917939532327652
0.09942723672866821
0.10039707434535027
0.097191842648983
0.09595022976398468
0.0960560533952713
0.09150752032279968
0.09950151740550994
0.10003009534597397
0.08781675818681717
0.094251349401474
0.09853829928398132
0.10382594560861587
0.08305422850131988
0.08795954866409302
0.08958710673809052
0.09503895864963531
0.08392566262245178
0.08341710544109344
0.08530946012020112
0.08865647977590561
0.08391017926216125
0.08671009704351425
0.07223155786514282
0.08971651865005494
0.08159856146812439
0.08441200572013854
0.080173955078125
0.07588484555721282
0.07728332235336303
0.07623584872722626
0.07900450583457946
0.07804004826545716
0.07899128853321076
0.0692248284649849
0.0807804169178009
0.0718158388018608
0.08108720471382141
0.07503032587528229
0.07602119811058045
0.06866636055231094
0.06899574212312698
0.02082877238929272
0.0030902293054759504
0.0016060269409418106
0.0011296726532652975
0.0007747062795609236
0.0006247677110880613
0.0005004087919741869
0.0003779381195176393
0.00032272135441191495
0.0002869191893190146
0.000225965313334018
0.0002046249335259199
0.0001627447759360075
0.0001645718994177878
0.00015189819258637727
0.00014366459687240423
9.885417703539134e-05
9.9477967628045e-05
7.994911941699684e-05
7.135912883095443e-05
6.399245292879642e-05
6.429223753744737e-05
5.635066884104163e-05
4.461828590603545e-05
4.219624061472132e-05
3.764440287370235e-05
3.4997663979884235e-05
3.229425001423806e-05
2.6816161679162177e-05
2.5711777163669466e-05
2.5141412533121184e-05
2.779589190147817e-05
0.00012507980908034368
3.55182538961526e-05
2.4381460214499385e-05
5.197777975117788e-05
0.00021054450877942146
4.278219203813933e-05
8.319800389697775e-05
5.176868116948754e-05
4.241958619095385e-05
3.9780824714980554e-05
2.6783382464200258e-05
2.5758296345011332e-05
4.382922855089418e-05
2.3560871449299158e-05
2.3067892461258454e-05
6.518518034485169e-05
2.4982151546282693e-05
2.8183880045544357e-05
2.651642725337297e-05
1.949372274626512e-05
1.5836984727939126e-05
1.7325651471910534e-05
2.0677171925199218e-05
2.6975397013593464e-05
2.3833195549377706e-05
1.641175467055291e-05
1.5080553411971778e-05
1.8019243598973846e-05
1.9383754959562792e-05
1.3743255590670743e-05
1.6369404974975624e-05
1.4591700247838162e-05
1.6121072192909196e-05
1.585424341959879e-05
1.3336914216633886e-05
1.4130173712037503e-05
1.1670498785097152e-05
1.160471843148116e-05
1.241498479153961e-05
1.3323841996025294e-05
1.2681255770730786e-05
1.1970983878709375e-05
1.3527725476960767e-05
1.273783704469679e-05
8.845708070730325e-06
1.0816235525417142e-05
1.1744673228822648e-05
8.670157144661062e-06
