0.71784
0.75248
0.8104
0.4494
0.66416
0.8731
0.8339
0.81516
0.9019
0.91712
0.89224
0.88162
0.91176
0.9341
0.88568
0.94482
0.95556
0.88692
0.93808
0.90448
0.94126
0.93388
0.9249
0.95666
0.9598
0.95066
0.96784
0.94648
0.9147
0.9489
0.94756
0.95238
0.95424
0.94326
0.94416
0.96674
0.92258
0.94332
0.91512
0.96638
0.95158
0.96314
0.96912
0.96784
0.54246
0.87608
0.89542
0.92736
0.90298
0.92042
0.96104
0.97584
0.92862
0.94408
0.9495
0.92916
0.9448
0.9441
0.95684
0.9664
0.95128
0.96986
0.9728
0.94408
0.96512
0.967
0.97156
0.95758
0.96208
0.96602
0.97646
0.93248
0.97174
0.9669
0.96216
0.97302
0.97196
0.97086
0.9806
0.96508
0.9999
0.99998
1.0
1.0
1.0
1.0
1.0
1.0
1.0
1.0
1.0
1.0
1.0
1.0
1.0
1.0
1.0
1.0
1.0
1.0
1.0
1.0
1.0
1.0
1.0
1.0
1.0
1.0
1.0
1.0
1.0
1.0
1.0
1.0
1.0
1.0
1.0
1.0
1.0
1.0
1.0
1.0
1.0
1.0
1.0
1.0
1.0
1.0
1.0
1.0
1.0
1.0
1.0
1.0
1.0
1.0
1.0
1.0
1.0
1.0
1.0
1.0
1.0
1.0
1.0
1.0
1.0
1.0
1.0
1.0
1.0
1.0
1.0
1.0
1.0
1.0
1.0
1.0
1.0
1.0
