1.5866168157196046
1.2282761238098145
1.0408101586151124
0.8799672305488586
0.7194416403961181
0.5642062476539612
0.4118552971839905
0.27898698781013487
0.181456662940979
0.12194671880722045
0.0842201437306404
0.06583462137699127
0.04465281502485275
0.03760538621902466
0.03285846050858498
0.03781949592351914
0.03365995757222175
0.026729963599443435
0.02368777517825365
0.03176235252022743
0.030269426716566086
0.032278580545186994
0.023677090121507646
0.017600651212632656
0.019891452939510345
0.024155581910014153
0.031388020122647284
0.02723827701807022
0.024516584243178367
0.025145486387610435
0.022876691640913487
0.02660195706784725
0.018965867048203945
0.020950427951514722
0.01463834750123322
0.014031329607665538
0.013378038580715656
0.013832661142349243
0.01331910939604044
0.014411487243920565
0.01945212442755699
0.024172755135297774
0.023772618993222715
0.01573116519153118
0.011897854947894812
0.011437356640771031
0.012836033547371626
0.01856724366441369
0.013398408374637365
0.00881708128772676
0.008166945451274514
0.00736261744722724
0.011054976205676794
0.013158708801418543
0.011158401873260736
0.014816477258205413
0.011701022555083037
0.012379049765318633
0.016474222332537175
0.013037539171874522
0.013022520000636577
0.016374738292992116
0.015521222072690726
0.0177293884254992
0.01771652596309781
0.012727317417114973
0.012035535407215357
0.008427959298677743
0.005110039363689721
0.0038455804884806274
0.004527096420265734
0.006372876563929021
0.011219268280118704
0.01951631956577301
0.023991247177124024
0.013421394521445036
0.01343081084996462
0.012294919567406177
0.013329617848992347
0.009721132023185492
0.009739376460537314
0.007634393331259489
0.007166640271693468
0.010951798447594047
0.009323212001025677
0.008451812478899956
0.006287877440340817
0.00501611125934869
0.008589747236184777
0.009542392855882645
0.014863595089912415
0.013889885915070772
0.0071447905592620375
0.006457244023755193
0.008941859080977738
0.009536085602343083
0.008644885993674398
0.007495580787975341
0.006354271967746317
0.006268673149030656
0.0111311546908319
0.010040116760060192
0.006423181749247014
0.005189244114235043
0.004397898986935616
0.00999163694292307
0.00836464538756758
0.006999668589010835
0.00465305981528014
0.004884621615279466
0.006039660012610257
0.00830222333844751
0.010941335630193352
0.006933941809609532
0.010857972340211273
0.009356554452441632
0.008243575627729297
0.007294804589860141
0.00563631238758564
0.008711301355436444
0.007452133741416037
0.006630233360920101
0.004602032380402088
0.005138169485460967
0.006457283912152052
0.011426941947825254
0.011837428817050532
0.012588543950319291
0.005198025072291493
0.005005130331404507
0.003162484368067235
0.005621592307966203
0.005070078243743628
0.006256874002702534
0.0043736702364496885
0.002790284664537758
0.011099680804163218
0.015149401343874633
0.00985769735455513
0.006681906191110611
0.004628400637172163
0.00531911259483546
0.005477111860252916
0.0038288841821439564
0.00714566642574966
0.010010813274160028
0.006779522814080119
0.006655775722395629
0.003398685402199626
0.00419771464608144
0.004145715405922383
0.003812140891496092
0.00902771446486935
0.0078114878527820114
0.007976101849116384
0.007884947014600038
0.007280975141450763
0.0054323774160444736
0.004793801535815
0.002866398753076792
0.00234529206530191
0.003190679040364921
0.004550493085552007
0.006470605371110142
0.00889193856690079
0.011166127713099123
0.008404477929919957
0.006483212546445429
0.005370246146842838
0.003227654053810984
0.0028423832367453724
0.005744098108755424
0.005843550472781062
0.00844699627533555
0.006934199540838599
0.006711177808912471
0.0036888892327900974
0.0033369230350945144
0.00361144322425127
0.0020630612269695848
0.0013351418382208794
0.0042813378014601765
0.010765583631824702
0.011207956544309854
0.007562872702330351
0.005529251360166818
0.0036132711587101222
0.003124581052372232
0.005350860547237098
0.004776586144361645
0.0035957452051527798
0.004043993576988578
0.00287962681312114
0.002391875926433131
0.0021312851009890436
0.0022415144061576574
0.0033436777075286955
0.0026681591231003405
0.006664743347205222
0.008545197991421446
