0.47946
0.58884
0.66284
0.70824
0.7512
0.8193
0.80728
0.8145
0.8741
0.85008
0.89256
0.92648
0.94208
0.92428
0.9574
0.9502
0.97186
0.96774
0.93292
0.95966
0.9672
0.96298
0.94518
0.96298
0.97022
0.97476
0.93474
0.95444
0.96546
0.9757
0.98826
0.9688
0.96042
0.96924
0.98336
0.98568
0.94554
0.97656
0.92528
0.9785
0.9277
0.98522
0.95224
0.97308
0.98202
0.98506
0.94702
0.97822
0.9762
0.9849
0.9878
0.97874
0.99164
0.98086
0.93808
0.98464
0.98788
0.99306
0.98664
0.97642
0.97958
0.9875
0.96588
0.98374
0.97092
0.93648
0.97722
0.98546
0.95942
0.9839
0.95026
0.97778
0.9878
0.98256
0.94918
0.9876
0.98506
0.9893
0.97554
0.96664
1.0
1.0
1.0
1.0
1.0
1.0
1.0
1.0
1.0
1.0
1.0
1.0
1.0
1.0
1.0
1.0
1.0
1.0
1.0
1.0
1.0
1.0
1.0
1.0
1.0
1.0
1.0
1.0
1.0
1.0
1.0
1.0
1.0
1.0
1.0
1.0
1.0
1.0
1.0
1.0
1.0
1.0
1.0
1.0
1.0
1.0
1.0
1.0
1.0
1.0
1.0
1.0
1.0
1.0
1.0
1.0
1.0
1.0
1.0
1.0
1.0
1.0
1.0
1.0
1.0
1.0
1.0
1.0
1.0
1.0
1.0
1.0
1.0
1.0
1.0
1.0
1.0
1.0
1.0
1.0
