0.51576
0.58994
0.68736
0.757
0.79018
0.8178
0.86076
0.92556
0.9198
0.9711
0.95462
0.9858
0.98918
0.9889
0.99266
0.99286
0.993
0.9926
0.98608
0.99198
0.97682
0.9931
0.99672
0.99828
0.99662
0.98894
0.9913
0.99566
0.99616
0.99358
0.99454
0.99548
0.99188
0.99538
0.99764
0.99376
0.99858
0.99834
0.9977
0.99604
0.99408
0.9936
0.99838
0.99834
0.9972
0.99676
0.99824
0.99788
0.99644
0.99856
0.99894
0.99956
0.9976
0.99802
0.99708
0.99746
0.9974
0.98638
0.99702
0.99738
0.99628
0.99418
0.9977
0.99406
0.99548
0.99634
0.99752
0.99922
0.99994
0.99986
0.99942
0.99844
0.98694
0.99428
0.99524
0.99884
0.99808
0.9987
0.99786
0.99784
0.99924
0.99956
0.99938
0.999
0.99918
0.9988
0.99986
0.99946
0.99314
0.9919
0.99366
0.99888
0.99866
0.99806
0.99834
0.99872
0.99946
0.99902
0.99968
0.99924
0.99896
0.9954
0.99942
0.99848
0.9993
0.99858
0.99906
0.99904
0.99912
0.99894
0.9991
0.99828
0.996
0.99826
0.99818
0.99916
0.99938
0.99968
0.99962
0.99902
0.99692
0.99972
0.9997
0.99844
0.99896
0.99446
0.9974
0.99866
0.99902
0.99966
0.99984
0.99834
0.99736
0.99958
0.99974
0.9995
0.99704
0.99642
0.99822
0.99922
0.9997
0.99978
0.99954
0.9997
0.99696
0.99926
0.9994
0.99968
0.99928
0.9999
0.99984
0.99852
0.99754
0.99888
0.9975
0.99974
0.99916
0.99962
0.99984
0.99982
0.99948
0.99968
0.99964
0.99902
0.9981
0.99838
0.99862
0.99934
0.99972
0.99998
0.99978
0.99874
0.99878
0.9993
0.99898
0.99946
0.9995
0.99738
0.99998
1.0
0.99996
0.98236
0.99688
0.99868
0.99902
0.99798
0.99994
0.9997
0.9996
0.99982
0.9989
0.99986
0.99992
0.99976
0.99992
0.99994
0.99988
0.99928
0.99738
0.9989
