0.37958
0.62688
0.71498
0.74034
0.76164
0.73872
0.7977
0.81584
0.85712
0.88566
0.92954
0.94038
0.9095
0.92396
0.91046
0.9635
0.9626
0.94504
0.95354
0.95826
0.94588
0.95624
0.94546
0.97236
0.97092
0.9895
0.9548
0.97604
0.99126
0.97614
0.83308
0.95854
0.96586
0.98324
0.98764
0.97904
0.98514
0.95718
0.9714
0.98788
0.97566
0.99174
0.99132
0.98742
0.97762
0.98736
0.98572
0.9817
0.98788
0.98308
0.98144
0.98668
0.97852
0.97912
0.9884
0.98392
0.98372
0.98904
0.97016
0.98134
0.9598
0.99078
0.9766
0.98964
0.98878
0.98962
0.99068
0.99042
0.99142
0.97978
0.99106
0.98776
0.99174
0.97616
0.97288
0.96908
0.9936
0.98662
0.99266
0.9903
1.0
1.0
1.0
1.0
1.0
1.0
1.0
1.0
1.0
1.0
1.0
1.0
1.0
1.0
1.0
1.0
1.0
1.0
1.0
1.0
1.0
1.0
1.0
1.0
1.0
1.0
1.0
1.0
1.0
1.0
1.0
1.0
1.0
1.0
1.0
1.0
1.0
1.0
1.0
1.0
1.0
1.0
1.0
1.0
1.0
1.0
1.0
1.0
1.0
1.0
1.0
1.0
1.0
1.0
1.0
1.0
1.0
1.0
1.0
1.0
1.0
1.0
1.0
1.0
1.0
1.0
1.0
1.0
1.0
1.0
1.0
1.0
1.0
1.0
1.0
1.0
1.0
1.0
1.0
1.0
1.0
1.0
1.0
1.0
1.0
1.0
1.0
1.0
1.0
1.0
1.0
1.0
1.0
1.0
1.0
1.0
1.0
1.0
1.0
1.0
1.0
1.0
1.0
1.0
1.0
1.0
1.0
1.0
1.0
1.0
1.0
1.0
1.0
1.0
1.0
1.0
1.0
1.0
1.0
1.0
