1.0359353540420533
0.6623866692352295
0.5965664140129089
0.5303852987289429
0.6009786812973023
0.42390388816833496
0.33670321752548216
0.3003482187652588
0.2800651160144806
0.2407675121641159
0.2019904179763794
0.1838104558801651
0.16489493134498595
0.1561284375
0.15354185181617735
0.15261638488531112
0.13297142971992493
0.147458661775589
0.11588190470695496
0.10933395543575287
0.10851856297016144
0.1040235991191864
0.09688933596849442
0.10231994610786438
0.10182076597213745
0.10261691940784454
0.09159611516952515
0.09205056334495544
0.09482216341018677
0.08590155550479889
0.08761864148139954
0.08350810195207596
0.09070875608682633
0.08551360557317733
0.08426414297580719
0.08882637118816376
0.08376397505283356
0.07628380337715149
0.20240367810726165
0.08560034168481827
0.07793095382213593
0.07260676615417004
0.07438420419692993
0.07121939828395843
0.7002065107870102
0.7093323867988587
0.291412676358223
0.15298072429418563
0.12355395279884339
0.09861371553421021
0.0798166830933094
0.08136452904641628
0.07084727449417114
0.07847680196762084
0.07664492538452149
0.07178813739061356
0.06646872148513794
0.06826379890441894
0.07348012037277221
0.06850343689918519
0.06334228106021882
0.06380861905574799
0.07430133748531341
0.061558717195987704
0.0651053557920456
0.065892570104599
0.060495461089611055
0.05538461229562759
0.060817684804201126
0.05759027770996094
0.05897421420454979
0.0543294139456749
0.06700230761021375
0.05178653550595045
0.0525155548286438
0.05590977814435959
0.053407727887630464
0.053688430527448656
0.0535485130238533
0.06005779771566391
0.0175460754314065
0.003421781994365156
0.0015659237198531629
0.0012121909275278448
0.0008199012580513954
0.0006344246441777796
0.0005579465762898326
0.0004722963859885931
0.0003822016767039895
0.000305044509023428
0.0002875357920303941
0.00022769401686266065
0.00020884556658566
0.00019011979104485363
0.00017854226881638168
0.00017999809470027684
0.00013365775398677216
0.0001198576495796442
0.00010435509130358696
9.365097098052501e-05
8.408375878352672e-05
7.508193678455427e-05
0.00010086651394143701
0.0010167470892798154
0.00022570839054882527
0.00011703152211150155
8.37330201617442e-05
7.080479608848692e-05
6.372144837630913e-05
6.629985210485756e-05
5.82803829642944e-05
5.297299981350079e-05
4.77522718704131e-05
3.51636632764712e-05
4.3293550278176555e-05
3.583597745280713e-05
3.0128225313965233e-05
2.3049890699476237e-05
2.6758303605020045e-05
3.028363282675855e-05
2.282316877390258e-05
2.2274757465347648e-05
2.0817943898728117e-05
2.2238484008412342e-05
1.9973444680217653e-05
2.1199712636880576e-05
2.115520555875264e-05
1.8189959910232574e-05
2.704842680017464e-05
1.99426077271346e-05
1.9104738154128427e-05
2.3860756030189806e-05
1.8677686210139656e-05
1.7825969645637088e-05
1.6134813238022617e-05
2.010790810105391e-05
2.2926614058669656e-05
1.8432523207738994e-05
1.7753578779520466e-05
1.737627707188949e-05
1.6661770977952984e-05
1.9332074545091017e-05
1.7945687564642867e-05
1.5513867676490917e-05
1.7763634019065648e-05
1.8131498974980786e-05
1.7120458016288466e-05
1.4604734586318954e-05
1.3652003067545593e-05
1.696443648892455e-05
1.65735020278953e-05
1.2837438320275396e-05
2.1478028395213186e-05
1.337274728983175e-05
1.547152824117802e-05
1.4154363733250647e-05
1.4689192672958598e-05
1.4545351942069828e-05
1.5380113495630214e-05
1.1496038453187794e-05
