1.6014212940597534
1.186764989128113
0.9847959765625
0.8393724965286254
0.7041725725936889
0.600997280960083
0.5073925140571595
0.4331289261817932
0.36687997804641725
0.3148632382059097
0.27086010927200316
0.23532498326301574
0.19409474083900452
0.16328944611549379
0.1541081524991989
0.13457133556604386
0.11888336432933808
0.11761574828147889
0.10138886221408844
0.10277090359687806
0.09608142992258072
0.08286010610461235
0.07484251423835754
0.08597680456638336
0.06935093054771424
0.07260194837331772
0.0634411492753029
0.061002646250724796
0.06430474314212799
0.06870017609119415
0.06647401372909546
0.05414772396564484
0.07820618031978607
0.06415808978319168
0.05433811059951782
0.05748358607769012
0.057349921656250955
0.05692015746831894
0.05252002642631531
0.05039601589143276
0.04685537402749062
0.06159600945234299
0.05204521753787995
0.062410591106414795
0.059499469826221466
0.04388556458234787
0.05183919158935547
0.05314616930007934
0.06715958026647567
0.05781117022752762
0.04854503315210342
0.04952617132782936
0.044389896309375766
0.048444469780921935
0.06007540497303009
0.05693718861103058
0.049374801697731015
0.05440183440685272
0.050905449286699295
0.05508032508134842
0.05220940566539765
0.0446791926407814
0.046461611347794536
0.04691069168686867
0.05110962189912796
0.04107291424751282
0.037221928070783616
0.05033758581161499
0.05050915434956551
0.05186552926540375
0.04251442626714706
0.05312692394018173
0.06259611248493195
0.05226676892280579
0.04502798956990242
0.04878458663880825
0.051041753075122834
0.051629161674976345
0.04559285256385803
0.04049959822893143
0.050006260492801664
0.0638222519314289
0.05003087054371834
0.039310820994973183
0.03660336059451103
0.03728034326016903
0.0380327749633789
0.056943131235837934
0.0626064676952362
0.05764582572937012
0.047017268023490905
0.04114635361194611
0.046135311576128005
0.060126398167610166
0.06191184098005295
0.039692949805259704
0.03935665845036507
0.035200692791938784
0.041472974908351896
0.05176844927668572
0.042801804053783414
0.04273123406648636
0.053675141844749454
0.0713529645395279
0.04794122159957886
0.03897370280742645
0.03374237872838974
0.03175791205525398
0.04526224076807499
0.047178021779060365
0.05760942775726318
0.05978603928565979
0.04231163494348526
0.04030656267642975
0.03996756445169449
0.04255987808823586
0.037600952253341674
0.04815541190624237
0.05357182790994644
0.0461595380717516
0.031106816272735597
0.04178252299308777
0.04608055018424988
0.04264177706241608
0.044142669960260394
0.03543444455623627
0.035728202780485156
0.044067104873657226
0.05104050647735596
0.04836551692724228
0.03903784481585026
0.03450863708019256
0.03785099974751473
0.03520012352228165
0.048274261417388914
0.057615627818107605
0.05389730296254158
0.0415732033008337
0.03221040554523468
0.033203090071380136
0.03031922406196594
0.035282687616348264
0.0604263847053051
0.04878650496482849
0.04288513905763626
0.036627799603939054
0.045197485491037366
0.041930007982254026
0.04498085312128067
0.04468747711181641
0.041117831227779386
0.04087602297306061
0.03978135390043259
0.04503692788124084
0.0414960465502739
0.032022791855335235
0.03625030415058136
0.04360872055768967
0.043132200679779055
0.04201699701845646
0.05028502126216888
0.03519606612801552
0.028606215931773187
0.0348251317191124
0.044242179157733916
0.05663579409599304
0.04333873834848404
0.03250453378200531
0.025168897303938866
0.029455274509191512
0.04444934634685516
0.051853262779712674
0.053351375551223754
0.043160993938446045
0.034136427762508394
0.03331571751117706
0.033327684020400046
0.03600499019622803
0.04742711145251989
0.03714446752786636
0.01133514242708683
0.00300589443475008
0.0020787340727075935
0.0017708500646054744
0.001502214743643999
0.0014031095453351735
0.0013030262059345842
0.0012101985972747206
0.0011452609679847956
0.0011092398649454117
0.0010393319348990916
0.0010494706857576966
0.0010012535684928298
0.0009601649588346482
0.0009488100399821996
0.000932146816700697
0.000896637968532741
0.0008825600780174136
0.0008786531031131744
0.0008507138513587415
0.0008481587319076061
0.0008321691416203976
0.000839585351087153
0.0008287614289298654
0.0008148861960321664
0.000812096517495811
0.000801894873008132
0.0008152693617343902
0.0007998882260173559
0.0008064949145913125
0.0007826111165806652
0.0007928020262904465
0.0007878964415565133
0.0007837929481640458
0.0007877306407317519
0.0007886053909733891
0.0007737382641434669
0.0007865250459313393
0.0007731934724748134
0.0007885686084628105
0.000784896923750639
0.0007762661926448345
0.0007563665300607681
0.0008035755403339863
0.0007905714579671621
0.0007647229278460146
0.0007883575985208153
0.0007790655822306872
0.0007842122999951243
0.0007718984963744879
0.0007894103271886706
0.0007793310419470071
0.000784221323095262
0.0007849707046896219
0.0007946242805570364
0.000769281024672091
0.0007867233118414879
0.0007986219357699156
0.0008058993819728494
0.0007911212781444192
0.000797968924343586
0.0008082201889157295
0.0007857975102216005
0.0007975468255393207
0.0008189572405070066
0.0008002682289108634
0.0007993570082634688
0.0008051311490684747
0.0008148121436871588
0.0008127610844373704
0.0008182203019410372
0.0008165560429543257
0.0008269866555556655
0.0008384450474753976
0.0008209972900897264
0.0008290369943529367
0.0008455763603746891
0.0008177862236276269
0.0008197674679011107
0.0008355036835744977
0.0008340237921103835
0.0008489686948060989
0.0008276003831997514
0.0008458719468489289
0.0008548314113169909
0.0008460621648281812
0.000852236922904849
0.0008477158789336681
0.0008504159999638796
0.0008619707701727748
0.0008476333976536989
0.0008445726197957992
0.0008600780422613024
0.0008552437542006374
0.0008474866645038128
0.000861164131499827
0.0008592440968938172
0.0008570435659214854
0.0008443324214965105
0.0008588561546057462
0.000868338228724897
0.0008490783241763711
0.0008541797470673918
0.0008575691546127201
0.0008602090018987656
0.0008426527868956328
0.0008575430826842785
0.0008561129382625223
0.0008494686393812299
0.0008724838296696543
0.0008507443756982685
0.0008583364840038121
0.0008585684699192643
0.0008611997186765075
0.000866877662986517
0.000866401338353753
0.0008474540346860885
0.0008700773262232542
0.0008583221321552992
0.0008760536428913474
0.0008557509241253138
0.000857948087118566
0.0008769199621304869
0.0008692830009758472
0.0008458374430797994
0.000856314304433763
0.0008612728819996119
0.0008717871709540486
0.0008505399842187762
0.0008546613015607
0.0008703576860949397
0.0008534922176226974
0.0008670838659256696
0.0008558552416041493
0.0008582730400562286
0.0008642419459670782
0.0008673896249383688
0.0008576343007013202
0.0008705914917215705
0.000861432843618095
0.0008612396457791328
0.0008690531352162362
0.0008706171797588468
0.0008625518891215324
0.0008662995249778033
0.0008611831413395703
0.0008455229387432337
0.0008554077152535319
0.0008713712841644883
0.0008640614645183086
0.000870071098189801
0.0008651061946153641
0.0008713828993588686
0.0008639623436704277
0.0008720575349405408
0.0008661663607880474
0.0008751999410986901
0.0008587919327989221
0.000865697954595089
0.0008640223282948136
0.0008712965317443013
0.0008650774227082729
0.0008651587760448456
0.0008462494844570756
0.0008601207895390689
0.0008662069809436798
0.0008716304817423224
0.0008781131926551461
0.0008709206028282643
0.0008628159501776099
0.0008597277881205082
0.0008653297301754355
0.00086601677313447
0.0008734453254193068
0.0008735564393550157
0.0008750904145091772
0.0008699440635740757
0.0008747912839800119
0.0008718054461106658
0.0008677159788832068
