2.0348567517852785
1.708503879699707
1.5508544463348388
1.440607532119751
1.3517866204833984
1.2758593244171144
1.2078906663513183
1.1421068693161012
1.0763732540512085
1.016815146598816
0.9607490770339966
0.9002448770523072
0.8442200314521789
0.7891679459953308
0.7327464242935181
0.6786354291725158
0.628823662147522
0.5802640303993225
0.5287874471855164
0.48521678396224976
0.43995512598991393
0.4028789131832123
0.36145933185577395
0.32903536021232604
0.29612583822250366
0.2690535542678833
0.23952536116600037
0.21544463618278503
0.1958427069377899
0.17839073873519898
0.16075128800868987
0.1420637900209427
0.13272818197250366
0.11759746263504028
0.11019908826351166
0.09940913109302521
0.09172803866863251
0.08652854603767395
0.07986559813022613
0.07140467739105225
0.06766639293909073
0.06468345340251923
0.06166675620675087
0.0540609876704216
0.05252315498828888
0.04847052378416061
0.04758535960674286
0.043715770432949067
0.04222490678071976
0.04044578546226025
0.03840036848783493
0.03574779039859772
0.03451154979944229
0.03186120906591415
0.0315721609044075
0.02917860529303551
0.02613184184551239
0.029754348237514498
0.026190783915519714
0.025181621704101563
0.02485014105796814
0.02331218409895897
0.022797764360904693
0.02160830102801323
0.021287183380126952
0.018881424374580385
0.019395059809684752
0.018261556777954102
0.01806955873131752
0.017674096967577935
0.016999247682094574
0.01688761557996273
0.01674660646557808
0.015468180859684945
0.01440873298406601
0.01459204449236393
0.014397513555884362
0.01459537603378296
0.014016714349985122
0.014103457058668136
0.014152548989057542
0.013704099629819394
0.012205266029834747
0.01237962249994278
0.01138493388235569
0.012601735585331916
0.011216546996235848
0.011109373571872711
0.01120024009823799
0.011051129332184792
0.010439745586514473
0.010837778830826282
0.010451024990081787
0.009756701442301273
0.01033482671380043
0.010618459133505821
0.009354708657860755
0.008954289862513542
0.009714278622865677
0.008978107531666755
0.008769895462095738
0.00856755655169487
0.008731616946458817
0.00887667042851448
0.00783218827366829
0.008339687026143074
0.008422206244468688
0.007530839299559593
0.007665949689745903
0.007301736142039299
0.007111541187167168
0.00722052583694458
0.0072259231925010685
0.007169158872961998
0.0078171521961689
0.00722135534286499
0.00650601769566536
0.006193431418836117
0.006920558889210224
0.006367640409767628
0.00722716578066349
0.007604047997146845
0.006157470201253891
0.006581147483289242
0.005957838865816593
0.005791472538411617
0.006045054174363613
0.006272411418557167
0.005454909251630306
0.00551922438710928
0.005355039248168468
0.005517858284115791
0.005620957586169243
0.0057069892047345635
0.0054848271682858465
0.006178218608498574
0.0056695459395647045
0.005010390792638064
0.0054777825239300726
0.005281691447496414
0.005002341497838497
0.005386728242337704
0.005209112120568752
0.004565547122657299
0.005092928017228842
0.0051515442690253255
0.0048213661178946494
0.004427349138855934
0.004104848279356956
0.00472389543928206
0.004624591217339039
0.004074201187640429
0.0042161579518020156
0.0039033397801220416
0.004391729581058025
0.003891477245539427
0.0037423827870190145
0.00409979840323329
0.0039060850305855273
0.003880481892377138
0.003849081645011902
0.003479768640100956
0.0036407511138916017
0.00360322557002306
0.003725380578786135
0.003776553681194782
0.003538527352809906
0.004048426904976368
0.00390035487934947
0.0039228647194802764
0.003533762902319431
0.004118046842068433
0.0033689132642745973
0.0034397805085778234
0.0041780432802438735
0.003265254056304693
0.003649304216951132
0.0036738408781588077
0.003616814234405756
0.003178092835471034
0.002925088102519512
0.0028239434204995633
0.002808118257969618
0.0032021554267406462
0.002883390682935715
0.0027019946134090424
0.003305735107958317
0.0037499061715602876
0.0034603434585034846
0.0034620384302735327
0.0029908246791362763
0.002948124722391367
0.0025819323916360737
0.0032060944929718973
0.002824787965118885
0.0028113858100771902
0.0030550785126537082
0.0030374268084019424
0.002911290924102068
0.00290644486412406
