0.43456
0.58676
0.61488
0.63682
0.76342
0.79198
0.8021
0.82558
0.79976
0.90108
0.88584
0.93402
0.90494
0.91846
0.93368
0.96542
0.9539
0.95812
0.96026
0.93156
0.9516
0.94564
0.95186
0.9517
0.9497
0.9775
0.98112
0.9656
0.94334
0.98
0.96798
0.9749
0.97758
0.95632
0.96724
0.97744
0.98208
0.97778
0.97612
0.96674
0.97728
0.97596
0.93474
0.97794
0.97298
0.98288
0.981
0.97202
0.95914
0.98572
0.96938
0.96172
0.98276
0.9811
0.9765
0.98058
0.97714
0.9641
0.97684
0.97226
0.9808
0.98578
0.98234
0.90802
0.97882
0.9731
0.98494
0.97302
0.974
0.9829
0.97946
0.96556
0.97658
0.97598
0.9759
0.97608
0.95066
0.9698
0.98804
0.9818
0.98336
0.97506
0.9885
0.95336
0.98156
0.96368
0.97354
0.97194
0.98228
0.93334
0.9862
0.98008
0.98556
0.977
0.96142
0.98
0.97522
0.97468
0.9657
0.98368
0.98866
0.98378
0.9314
0.97646
0.9895
0.97938
0.9787
0.98216
0.97142
0.95454
0.97718
0.98416
0.9748
0.98524
0.98832
0.98496
0.98686
0.98438
0.97262
0.98318
0.98916
0.96984
0.98628
0.98254
0.97938
0.981
0.98958
0.97436
0.9847
0.9856
0.9916
0.98638
0.9822
0.98482
0.9584
0.96358
0.9793
0.98538
0.98102
0.98286
0.95994
0.9771
0.97912
0.97146
0.97802
0.98076
0.98488
0.987
0.95412
0.97088
0.97716
0.96866
0.98216
0.92566
0.98224
0.98222
0.98434
0.98168
0.98366
0.98732
0.97478
0.98284
0.9904
0.98684
0.9752
0.98448
0.98362
0.98988
0.9867
0.93972
0.97788
0.9724
0.98636
0.9859
0.98676
0.97772
0.97446
0.98658
0.9856
0.9824
0.99994
1.0
1.0
1.0
1.0
1.0
1.0
1.0
1.0
1.0
1.0
1.0
1.0
1.0
1.0
1.0
1.0
1.0
1.0
1.0
1.0
1.0
1.0
1.0
1.0
1.0
1.0
1.0
1.0
1.0
1.0
1.0
1.0
1.0
1.0
1.0
1.0
1.0
1.0
1.0
1.0
1.0
1.0
1.0
1.0
1.0
1.0
1.0
1.0
1.0
1.0
1.0
1.0
1.0
1.0
1.0
1.0
1.0
1.0
1.0
1.0
1.0
1.0
1.0
1.0
1.0
1.0
1.0
1.0
1.0
1.0
1.0
1.0
1.0
1.0
1.0
1.0
1.0
1.0
1.0
1.0
1.0
1.0
1.0
1.0
1.0
1.0
1.0
1.0
1.0
1.0
1.0
1.0
1.0
1.0
1.0
1.0
1.0
1.0
1.0
1.0
1.0
1.0
1.0
1.0
1.0
1.0
1.0
1.0
1.0
1.0
1.0
1.0
1.0
1.0
1.0
1.0
1.0
1.0
1.0
1.0
1.0
1.0
1.0
1.0
1.0
1.0
1.0
1.0
1.0
1.0
1.0
1.0
1.0
1.0
1.0
1.0
1.0
1.0
1.0
1.0
1.0
1.0
1.0
1.0
1.0
1.0
1.0
1.0
1.0
1.0
1.0
1.0
1.0
1.0
1.0
1.0
1.0
1.0
1.0
1.0
1.0
1.0
1.0
1.0
1.0
1.0
1.0
1.0
1.0
1.0
1.0
1.0
1.0
1.0
1.0
1.0
1.0
1.0
1.0
