1.6606647966766357
1.1874838834381103
0.9649533487701416
0.836878430404663
0.7233403433990478
0.6336520907211304
0.5590231407928467
0.4687574231719971
0.4023909759712219
0.3261184348106384
0.2745225284481049
0.23017743187904358
0.18061657808303833
0.15710246803283692
0.13434848383426667
0.10996226741552353
0.09950072494089604
0.08336053312778473
0.08543591932296753
0.07395073285579681
0.05988947607278824
0.06323066722631454
0.06349504570484162
0.06505516869068145
0.07003131019592285
0.06033411845207214
0.05509148929357529
0.0550320727840066
0.04817238044500351
0.061746951394081116
0.051722173367738725
0.052632318201065065
0.058079784004688266
0.05263878988146782
0.052517447893619534
0.05450931270599365
0.06176857804298401
0.04654866210579872
0.05434446513235569
0.04489558743804693
0.050452583141326904
0.05193021472334862
0.04293440472602844
0.06571400275707245
0.04571165325164795
0.05762844781160355
0.03850179418206215
0.04593734324455261
0.06480594843864441
0.05363580167412758
0.037205597027540206
0.042373110234737395
0.056751617736816404
0.04796304100036621
0.047656080644130704
0.05096665468692779
0.045611901924610135
0.05993162749886513
0.04621362810611725
0.0591272784614563
0.04339656831979752
0.04917835724592209
0.05525569033741951
0.04461963166475296
0.05344038608551025
0.0558767142534256
0.0546886395740509
0.04856925858974457
0.05053323563575745
0.051682239947319034
0.05507647265791893
0.053431495926380156
0.045530358848571775
0.0477426579451561
0.05176462650299072
0.0565111644077301
0.046554131482839586
0.04856339106559753
0.05683512662887573
0.057972377951145175
0.020016604677438737
0.003939794626235962
0.002180338261574507
0.0017218193638324738
0.0013388988699018956
0.001143698027729988
0.0010089672461152076
0.0008392367041110992
0.0007381470944173634
0.0006425975952297449
0.0005406387044861912
0.000508041378185153
0.0004208231392595917
0.000386677109375596
0.0003399295225646347
0.00029908713959157465
0.00028293683293275534
0.00024552270878106354
0.00023042326087132096
0.00020368945967406035
