0.35482
0.43634
0.61282
0.66386
0.71738
0.67608
0.72206
0.79368
0.8558
0.84486
0.72858
0.92082
0.88986
0.92884
0.79176
0.94794
0.94654
0.96276
0.94928
0.95194
0.95526
0.91088
0.89106
0.95754
0.96088
0.97868
0.9377
0.96094
0.96586
0.98302
0.9764
0.97068
0.97788
0.94546
0.97328
0.86552
0.97596
0.98374
0.92118
0.98752
0.92092
0.97416
0.94548
0.9705
0.96296
0.95644
0.98644
0.97286
0.9573
0.97172
0.97598
0.95846
0.9382
0.94924
0.97186
0.90644
0.98188
0.937
0.95508
0.96796
0.96218
0.9457
0.976
0.9676
0.9688
0.97818
0.95978
0.96146
0.97838
0.96758
0.9416
0.9754
0.95724
0.97026
0.92312
0.93724
0.97952
0.97324
0.89496
0.9617
0.99996
1.0
1.0
1.0
1.0
1.0
1.0
1.0
1.0
1.0
1.0
1.0
1.0
1.0
1.0
1.0
1.0
1.0
1.0
1.0
