0.52042
0.59304
0.68134
0.74962
0.70896
0.74762
0.8477
0.83824
0.79024
0.89072
0.88488
0.86484
0.91708
0.91702
0.87996
0.91032
0.91442
0.9213
0.93706
0.90552
0.92156
0.90396
0.91994
0.95846
0.95462
0.92892
0.96016
0.9448
0.93926
0.91482
0.9397
0.94498
0.84408
0.94858
0.95602
0.94182
0.94736
0.91152
0.9597
0.94314
0.958
0.95566
0.96554
0.9517
0.93968
0.94758
0.94556
0.92298
0.96762
0.95868
0.8636
0.9551
0.94378
0.97108
0.94122
0.95282
0.94324
0.93334
0.94712
0.91436
0.95234
0.94114
0.95886
0.94734
0.9308
0.94042
0.96616
0.97472
0.9588
0.96184
0.96828
0.95822
0.96736
0.94892
0.96456
0.95268
0.97574
0.9657
0.96276
0.97358
0.9602
0.95294
0.96298
0.92208
0.97804
0.97148
0.96078
0.97158
0.95228
0.954
0.93774
0.88034
0.9708
0.89242
0.97458
0.97924
0.97548
0.96088
0.97292
0.97362
0.9592
0.9675
0.94042
0.9613
0.96452
0.97184
0.96988
0.97144
0.97488
0.97096
0.9771
0.95626
0.96948
0.91484
0.9795
0.97116
0.97342
0.96488
0.96908
0.97536
0.9573
0.97842
0.95986
0.97906
0.96704
0.90198
0.93826
0.95552
0.96306
0.97044
0.9657
0.9607
0.9778
0.96562
0.96768
0.97544
0.91738
0.96134
0.96636
0.96358
0.96124
0.95622
0.96674
0.9406
0.9719
0.97598
0.96642
0.97996
0.90078
0.97294
0.96476
0.9753
0.95472
0.94394
0.96138
0.94818
0.97972
0.97168
0.9776
0.97428
0.98396
0.96842
0.95974
0.97246
0.98536
0.96482
0.96786
0.97848
0.97738
0.96764
0.96704
0.95502
0.98176
0.9501
0.9695
0.97854
0.978
0.94214
0.97492
0.9688
0.99974
1.0
1.0
1.0
1.0
1.0
1.0
1.0
1.0
1.0
1.0
1.0
1.0
1.0
1.0
1.0
1.0
1.0
1.0
1.0
1.0
1.0
1.0
1.0
1.0
0.99808
0.9997
0.99994
1.0
1.0
1.0
1.0
1.0
1.0
1.0
1.0
1.0
1.0
0.99778
0.997
0.99968
0.99972
0.99998
0.99992
0.99996
1.0
1.0
0.99974
0.9999
0.9995
0.99988
0.99958
1.0
0.99998
0.99996
0.99996
1.0
0.99994
0.99914
0.99858
0.99986
0.99998
1.0
1.0
1.0
1.0
1.0
1.0
1.0
0.99998
0.99462
0.99826
0.99974
0.99986
0.99992
0.99978
1.0
0.99982
0.99998
1.0
1.0
0.9986
0.99756
0.99924
0.9998
0.99994
0.99996
0.99946
0.99984
0.99932
0.99998
1.0
1.0
1.0
1.0
1.0
1.0
1.0
1.0
1.0
1.0
1.0
1.0
1.0
1.0
1.0
1.0
1.0
1.0
1.0
1.0
1.0
1.0
1.0
1.0
1.0
1.0
1.0
1.0
1.0
1.0
1.0
1.0
1.0
1.0
1.0
1.0
1.0
1.0
1.0
1.0
1.0
1.0
1.0
1.0
1.0
1.0
1.0
1.0
1.0
1.0
1.0
1.0
1.0
1.0
1.0
1.0
1.0
1.0
1.0
1.0
1.0
1.0
1.0
1.0
1.0
1.0
1.0
1.0
1.0
1.0
1.0
1.0
1.0
1.0
1.0
1.0
1.0
1.0
1.0
1.0
1.0
1.0
1.0
1.0
1.0
1.0
1.0
1.0
1.0
