0.001845166760981083
0.0018040031331777572
0.001911920612230897
0.0018804479786753655
0.001875146598815918
0.001946068844795227
0.0020378958398103715
0.0021046771696209905
0.0021221143657714128
0.0021535246954485776
0.0022071942342817784
0.002333299443870783
0.0022621941831707953
0.002426479805931449
0.002450767381042242
0.0025019304420053957
0.002566672103703022
0.002613080211877823
0.0025796779555082323
0.0026249754017591475
0.0027330179949104786
0.002717349700182676
0.0028424547618627546
0.002847318466305733
0.0028794124859571456
0.0029493403404951095
0.003024348526671529
0.0031120536041259767
0.0030449810627102853
0.002990998009070754
0.002998954366147518
0.0031675490698218345
0.0031661831924319267
0.003097587497532368
0.003251963290721178
0.0032166570520401
0.003183852668441832
0.0031383084866404534
0.003139381697177887
0.0031841724373400213
0.0031772483405470846
0.0032655441334843638
0.00322810986161232
0.003229819808602333
0.003136159369647503
0.003130407541692257
0.0032140038086473943
0.003248707307577133
0.003261240676045418
0.0031748225550353526
0.0030516249376535414
0.003014173249527812
0.0031009427118301393
0.0030917319871485234
0.003021406734734774
0.0031160130050778387
0.0030276820190995933
0.003140963061004877
0.0030202548806369306
0.0030785118928551673
0.003071538425758481
0.003029721396639943
0.0030520971380919217
0.0030708238419890404
0.0030513789251446722
0.0030557642158865928
0.0030300432550907134
0.0030726819775998594
0.002994759274274111
0.0030537740553915503
0.0030564984822273253
0.003054176879003644
0.0030627311387658117
0.0029811424830555916
0.0030020618745684622
0.0029664409232139587
0.003051987108439207
0.0030700644198060037
0.003100329150557518
0.0030081968668103217
0.0029951002031564714
0.003029741574525833
0.0031153300976753235
0.003040630833208561
0.003033606865555048
0.003048398576378822
0.0030509145989269016
0.0030478777343034744
0.0030499596478044985
0.0030690732346475126
0.003009914479404688
0.0030197769728302955
0.0030288962487876416
0.0030419459660351277
0.0029958921334892513
0.003080900371298194
0.002979550036787987
0.0030018814733624457
0.003034741872102022
0.0029780315160751344
