0.7767
0.83732
0.8486
0.88504
0.90648
0.92498
0.91042
0.9401
0.93286
0.95212
0.95334
0.96782
0.94908
0.9396
0.93404
0.94806
0.94464
0.9698
0.96466
0.95478
0.954
0.96984
0.94706
0.97332
0.97158
0.95678
0.97314
0.97132
0.96872
0.96468
0.94796
0.9582
0.96664
0.97986
0.96608
0.96066
0.972
0.96148
0.96422
0.97758
0.96412
0.95814
0.94976
0.96
0.97434
0.90936
0.9628
0.97092
0.95426
0.95968
0.95818
0.97462
0.9354
0.95968
0.9602
0.9676
0.95956
0.93062
0.96414
0.97384
0.97846
0.97254
0.9648
0.97268
0.97696
0.96148
0.95966
0.97128
0.9763
0.97588
0.9652
0.96894
0.9643
0.94766
0.95784
0.96978
0.9735
0.96192
0.96884
0.9627
0.97302
0.9794
0.96192
0.97558
0.96592
0.97446
0.9726
0.97176
0.96154
0.96058
0.98114
0.96142
0.97024
0.96704
0.92078
0.97666
0.97758
0.98216
0.9506
0.95938
0.96922
0.97102
0.97384
0.98088
0.96034
0.97128
0.9674
0.97624
0.95994
0.95682
0.95882
0.97648
0.96436
0.98566
0.96338
0.96538
0.96942
0.97492
0.97688
0.98304
0.97038
0.97318
0.97454
0.9779
0.96586
0.9551
0.96766
0.96456
0.9689
0.97336
0.97382
0.9719
0.98318
0.96888
0.97324
0.96846
0.97202
0.96328
0.97104
0.97734
0.97176
0.95764
0.97704
0.9757
0.97868
0.95626
0.94316
0.98042
0.98234
0.96618
0.97818
0.97508
0.97612
0.96242
0.9583
0.96898
0.93786
0.92564
0.96734
0.94514
0.98062
0.98134
0.9637
0.9816
0.94574
0.9645
0.98228
0.98556
0.97742
0.95556
0.98674
0.9768
0.97216
0.96444
0.97898
0.94548
0.95964
0.95466
0.95018
0.97922
0.99972
0.99994
1.0
1.0
1.0
1.0
1.0
1.0
1.0
1.0
1.0
1.0
1.0
1.0
1.0
1.0
1.0
1.0
1.0
1.0
1.0
1.0
1.0
1.0
1.0
1.0
1.0
1.0
0.99886
0.99898
0.99982
1.0
1.0
0.99998
1.0
1.0
1.0
1.0
1.0
0.99996
1.0
1.0
1.0
1.0
1.0
1.0
0.99992
0.99468
0.99932
1.0
1.0
1.0
1.0
1.0
1.0
1.0
1.0
1.0
1.0
1.0
1.0
1.0
1.0
0.99184
0.9993
0.99982
1.0
1.0
1.0
1.0
1.0
0.99998
0.9992
0.99968
0.99824
0.9991
0.99948
0.99984
0.99998
0.9999
0.99978
0.9992
0.99972
0.9997
0.99954
0.9998
0.99994
1.0
0.99984
0.99986
1.0
1.0
1.0
1.0
1.0
1.0
1.0
1.0
1.0
1.0
1.0
1.0
1.0
1.0
1.0
1.0
1.0
1.0
1.0
1.0
1.0
1.0
1.0
1.0
1.0
1.0
1.0
1.0
1.0
1.0
1.0
1.0
1.0
1.0
1.0
1.0
1.0
1.0
1.0
1.0
1.0
1.0
1.0
1.0
1.0
1.0
1.0
1.0
1.0
1.0
1.0
1.0
1.0
1.0
1.0
1.0
1.0
1.0
1.0
1.0
1.0
1.0
1.0
1.0
1.0
1.0
1.0
1.0
1.0
1.0
1.0
1.0
1.0
1.0
1.0
1.0
1.0
1.0
1.0
1.0
1.0
1.0
1.0
1.0
1.0
1.0
1.0
1.0
1.0
1.0
