1.3886308436965942
1.001336613178253
0.8254782832717895
0.7109143961906433
0.6186136587905884
0.5418435186576843
0.47908126483917235
0.41955919539451597
0.3715503816509247
0.3317295101070404
0.2904936052894592
0.2630408686065674
0.23671480314254761
0.21355094407081604
0.19229282005786896
0.17725766720294953
0.1658661214351654
0.1622019462966919
0.1505737868976593
0.14344626060962676
0.1378217282962799
0.1321229182457924
0.12678003067970275
0.11915781516075134
0.12757505429267885
0.11356355455875397
0.125945777156353
0.10421988152980804
0.10794157310962676
0.10548871356964111
0.1141425041294098
0.10928417490959168
0.09299130201339721
0.11580227968215942
0.1021603707408905
0.10139843232154847
0.11153379867553712
0.09729953850507736
0.09809814482688904
0.10345512719154358
0.09980578183174134
0.09247225975990295
0.09449355905055999
0.09106858630657196
0.10594974469900131
0.0905816114449501
0.09067802198410034
0.09297873900413513
0.0960501748752594
0.0903743520450592
0.09303641791820526
0.09448171397209168
0.08865566927909851
0.08366336360931396
0.08388247510910034
0.09425971850633622
0.08443001192569732
0.08695741669893264
0.08848764384269714
0.08309060636043548
0.08549462953567505
0.08980079804420471
0.08597683472633362
0.08481585136413575
0.07984352959156037
0.08828770587682724
0.08249966099262238
0.08746510910511017
0.07704712361216545
0.0864975292301178
0.07956787778735161
0.07458967330932617
0.08337654650688171
0.07969667140603065
0.07084321669459342
0.08523449972867966
0.0821119903588295
0.07466280390262604
0.0920975405740738
0.07155823069572449
0.07469195775985718
0.07804111461400985
0.08084536805868149
0.07261066969871521
0.08377793680429459
0.06541540068626404
0.08920389083623886
0.07500967877864838
0.07380756190776824
0.08346443367242813
0.07617253819942474
0.07933513662815093
0.07022235746383668
0.07985536175727845
0.07154901886940003
0.07070790530920029
0.07340372992515563
0.0776723120880127
0.07171154641151428
0.07137355885982513
0.0745174155640602
0.07544584268808364
0.07724674412250519
0.07655017366409302
0.057882541833519936
0.0773182736825943
0.08070729319691658
0.062115058331489566
0.07004957851886749
0.07476957812786102
0.08009627532958985
0.06373375009059906
0.06799081021785736
0.07323229005813599
0.08002261852264404
0.06582231501579285
0.05821549256801605
0.073538017847538
0.07189719363212585
0.06807333381175995
0.06992420009493827
0.06765796903133392
0.07218658365726471
0.07050053716182708
0.05844064448833466
0.07724613106966019
0.07011989620923996
0.06591348480701446
0.0769932433462143
0.07239151080608368
0.06061066528320312
0.07117976356983184
0.05726784829616546
0.06329142583608627
0.07166139711380005
0.06828916624546051
0.06775089582562446
0.07124319548606872
0.056245764026641845
0.06414937445163726
0.07549944634437561
0.0706755621612072
0.05950412770986557
0.06294025720119477
0.07018103766441346
0.07088199976921082
0.06793964432239533
0.0599166076540947
0.069588568649292
0.06630280059099197
0.07236485471725464
0.05318675444364548
0.058200781631469724
0.0627989842414856
0.07796244149923325
0.06365643357276916
0.06601424329280853
0.06892810841083527
0.05480937380552292
0.06776115353107452
0.06749960329532623
0.05981088722229004
0.0663478550028801
0.06557526721835136
0.05509540689945221
0.06293488359570504
0.06942957350969314
0.06595029353022576
0.05794996069192886
0.05941631390810013
0.07031795428276062
0.07480793374061584
0.06125223243236542
0.057257626044750216
0.07169867521286011
0.05732836731910706
0.06034285737991333
0.058888521881103516
0.07047348551273346
0.056182838077545164
0.025936857430934906
0.007080794585347176
0.004481654236614704
0.0033276622009277344
0.0026975556333363056
0.0024278790774941443
0.0021343795074522495
0.0017749700221419335
0.0017000906100869179
0.0015039087316393851
0.001355433095432818
0.0012559754890203475
0.0010933306159079076
0.0010734871827065946
0.0010312254173867404
0.0009686555470712483
0.0009818907933309673
0.0009255144088715315
0.0008894165556132793
0.0009163337094709277
0.0008831635211408138
0.0009014322091639042
0.0008720708993077279
0.0009543464595079422
0.0010171254756301642
0.0050853726173192264
0.0113090997081995
0.004546390564590693
0.0017950071194395424
0.0011709359387680888
0.0011352197098731995
0.0010344932635873555
0.0009798331732302904
0.0009989100765436887
0.0009717615599557758
0.0009679212235659361
0.000990816590115428
0.001130004898160696
0.002687764493301511
0.01599026273727417
0.00815872918009758
0.005081682443022728
0.0026323615225404503
0.0019298956138640642
0.0017534696841239928
0.001726707221865654
0.0014073397874832154
0.002635239837318659
0.002799611614719033
0.003640274981483817
0.0033677697671204805
0.002583478824198246
0.002668438870608807
0.0016424151283316315
0.0012636035370081663
0.0013517526137642563
0.0011926078107208013
0.0013294626516103744
0.00341660666257143
0.01677938265800476
0.007937990128397942
0.002583878809064627
0.0016149270484223962
0.001619501666650176
0.001170762007534504
0.0011530830868333578
0.0013253814543038606
0.0011308109944686293
0.0010141047463193536
0.0011139577996730804
0.011773775268495082
0.01331947976410389
0.006182528405785561
0.003552706912308931
0.00238063860155642
0.0017910048884153366
0.0017319354713708163
0.0025783140667155384
0.0015535731797292828
0.0015233416053280235
0.0012315750278532505
0.0021887088587880135
0.01333189206302166
0.008461478682756424
0.00399237291932106
0.002649867474287748
0.002090439122617245
0.003250580249130726
0.003445747492685914
0.0035415226410329343
0.002862187989205122
0.0014283144517242908
0.0012759798482060432
0.0012090516328066587
0.0010827277158200741
0.0011281107062473892
0.0010308907772600651
0.0010305495476722716
0.0010275674071907998
0.001019954514503479
0.0009817177757248283
0.0010240214327722787
0.000988724672757089
0.0009698261096701026
0.0010128653997927904
0.0009712237861007452
0.0009781687296926975
0.0009766961832344532
0.00098600604981184
0.000980858532600105
0.0010240037343651057
0.0009857382090389729
0.0009776272133737802
0.0009632148045301438
0.000998640201166272
0.000994217900261283
0.0009793313175067305
0.0009841409211605787
0.0010111350549384952
0.0009910767997056247
0.0010034206999093294
0.0010024134445562958
0.0010055576688796281
0.0009939148612506687
0.001029354602098465
0.0010223651480674744
0.0009843728484213352
0.0009993876135349273
0.001009387840256095
0.0010125786861032247
0.0010089467284083366
0.0010187192077934742
0.0010181565083563328
0.0010000261893868445
0.0009928936998546123
0.0010045030295103789
0.0010105580246448516
0.0009994960409402847
0.001020032396055758
0.0010055338656529784
0.0010031688870862127
0.0010059301221743227
0.0010121622621268034
0.001048766457401216
0.0010200059447810054
0.00101029664311558
0.0010198105436563492
0.0009923306169733405
0.0010023224738240242
0.0010049835083261133
0.0010131598487868904
0.0009942199616134167
0.0009957467284053565
0.0010415259420871734
0.0010403196097910404
0.0010368770587444306
0.0010213845834136008
0.0010325303081423045
0.001025983685068786
0.0010225471416860819
0.0009983303646743298
0.0009948966635018588
0.0010082170693576336
0.000991448058411479
0.0010040642205998301
0.0009892565198615193
0.0010121219143643975
0.001007814538963139
0.0009986481425538658
0.0009908669378608465
0.0009961429354548455
0.0009977981821447611
0.0010021868809312582
0.0010151983428746461
0.0010011273799091578
0.0010138517982140184
0.0009926747790724038
0.001024785429276526
0.0010827169367671012
0.001260864589586854
