0.80632
0.78262
0.83938
0.77576
0.823
0.92114
0.92262
0.91004
0.9107
0.94534
0.87452
0.9602
0.94566
0.8731
0.92318
0.95804
0.9587
0.94234
0.96456
0.93134
0.95266
0.93682
0.95386
0.97628
0.97494
0.88766
0.97122
0.969
0.92658
0.93352
0.96804
0.96148
0.9569
0.95262
0.96466
0.94984
0.97088
0.93786
0.95386
0.96378
0.90172
0.93938
0.96632
0.93564
0.97044
0.96176
0.92292
0.97424
0.9387
0.96476
0.99994
1.0
1.0
1.0
1.0
1.0
1.0
1.0
1.0
1.0
1.0
1.0
1.0
1.0
1.0
1.0
1.0
1.0
1.0
1.0
1.0
1.0
1.0
1.0
1.0
1.0
1.0
1.0
1.0
1.0
1.0
1.0
1.0
1.0
1.0
1.0
1.0
1.0
1.0
1.0
1.0
1.0
1.0
1.0
1.0
1.0
1.0
1.0
1.0
1.0
