0.9450938926315308
0.5327683848190308
0.4003140645980835
0.30169233978271487
0.245266923828125
0.21117388913631438
0.17855207694530487
0.14777446469306946
0.12502217878341676
0.1156206021785736
0.10704745177268982
0.10037953336000442
0.08879204268455505
0.0853148110818863
0.08296521703720093
0.07965313093185425
0.0763201891040802
0.061617677788734435
0.06436483887195588
0.07009051513195037
0.07533159342050552
0.06457828629851341
0.061708921639919284
0.057103284990787505
0.05143630790948868
0.05261052471280098
0.04847065059185028
0.05943613964796066
0.051976922039985655
0.058380938601493834
0.05706378817081451
0.04277231644868851
0.05826629885673523
0.057088500561714176
0.0529638299202919
0.059339902839660646
0.05148074986457825
0.05714175155639648
0.05089920540690422
0.05345147107124329
0.06376964901089668
0.03884773558266461
0.05134173218011856
0.0452384963619709
0.03835552901268005
0.046490281229019166
0.06044209630489349
0.04981043068528175
0.04654309103965759
0.049026369273662565
0.045716797318458555
0.05157104713439942
0.04571398432970047
0.04259717653274536
0.03367475415945053
0.05307253451347351
0.05168293162167072
0.042397580165863036
0.05455319101393223
0.05091254593372345
0.048803356499671935
0.04816668395042419
0.04403557068169117
0.040989322371482846
0.05352614454984665
0.04540067126750946
0.04442834717273712
0.04275713322877884
0.05059906008481979
0.050371681213378906
0.04176358858585358
0.03627283364534378
0.03869169400930405
0.03611795871019363
0.05117674948692322
0.06259903725743293
0.041505317537784574
0.03966917997121811
0.038449582662582395
0.046638314127922055
0.04429830583930015
0.03929241037368775
0.04936620020151138
0.051376077523231506
0.04624894592523575
0.04720954038619995
0.04647542210102081
0.04286456934809685
0.032916669826507566
0.041318668384552004
0.04535002626419067
0.05203132293254137
0.03456943170309067
0.03817985534191132
0.045046413826942446
0.04966993444442749
0.038811810471713545
0.02740011118352413
0.03846061419665813
0.04291931150078773
0.05157757884025574
0.043640952966213224
0.04672353268623352
0.041141584103107455
0.03324795981168747
0.04254930562019348
0.04150044881105423
0.040381292266845704
0.04197018982172012
0.03965790960073471
0.04158608394742012
0.03770251331925392
0.03552923403263092
0.040307582595348355
0.04330966460466385
0.03422819283023477
0.03239034347355366
0.0396831857585907
0.039791226484775545
0.03323030378341675
0.045163027280569076
0.04191666704893112
0.046773555798530576
0.039659327510595324
0.03614472877025604
0.037479781901836394
0.031209937938451768
0.03551128615498543
0.031068583302497864
0.035128718075752255
0.052944253860116
0.042733947694301604
0.033985706043243406
0.029399331828355788
0.0364863468003273
0.038931006269454956
0.03462121642172337
0.029421261100769043
0.03197735120654106
0.048489030933380126
0.045545169597268106
0.0361866160607338
0.038121171288490296
0.028877127962112427
0.03637336750507355
0.042547475602626804
0.038574557859897614
0.04850299233436584
0.03661085758984089
0.027859413862228392
0.02729053025841713
0.03522624307602644
0.047721634788513184
0.03574124687194824
0.04511182726621628
0.031723299961090086
0.03399107336342335
0.03146467048406601
0.030451211202144623
0.04592574010372162
0.03299757040381432
0.028886662636995315
0.033254794768691066
0.036012396993637084
0.04732266081571579
0.035732178723812104
0.03642848880887031
0.032806234816908836
0.034327947750091556
0.03139062003612518
0.03592800725758076
0.02718870839357376
0.03274550689220428
0.03885236629635096
0.04313711017370224
0.03966996299117804
0.030479018434286118
0.029365276532769203
0.02614585956335068
0.03894937797784805
0.014971025648415088
0.0032962743635475637
0.0022541415609419347
0.0018665264090895653
0.0016616045181453228
0.0014610322842746972
0.001328872783780098
0.0013523278418183327
0.0012384979700297118
0.001160579098314047
0.0012097801534831523
0.0011244224030524492
0.0011287282213568687
0.0010821817380934954
0.0010540348970144986
0.0009997553538531065
0.0010051535211503505
0.0009746592671424151
0.0009909345320239663
0.000950551699846983
0.000943918562233448
0.0009722483929991723
0.0009380558486282826
0.0009292262282967567
0.0009033782410621643
0.0008960893332958221
0.0009046285917982459
0.0008955450313538313
0.000878693772032857
0.0009081469911336899
0.000909841088578105
0.0008710180342383683
0.0008880273019522428
0.0008572415418922902
0.0008538989991694689
0.0008846315152943134
0.0008707131611928344
0.000863523113168776
0.0008745320581272244
0.0008567231956124305
0.0009009360087290406
0.0008873024878650904
0.0008866046398878098
0.0008715162070095539
0.0008651963570341468
0.0008770964808017016
0.0008747438744455576
0.0009081109261512756
0.0008918749200925231
0.0008857502489537
0.0008960560372844338
0.0008687211375683546
0.0008799790534377098
0.00088041355188936
0.0008744241411611438
0.0008850763992965221
0.0009040813982114196
0.0008838887808099389
0.0009198151752352714
0.0009242420885525644
0.0009115918974578381
0.0009015813049674034
0.0009124110347032547
0.0009247924574837088
0.0009161722483485937
0.0009200440780818463
0.0009147796469181776
0.0009102701053023338
0.0009408930111676454
0.0009350502038747073
0.0009405316460132599
0.0009317518076300621
0.0009404533340036869
0.0009399044068343937
0.0009230109419301152
0.0009355441126227379
0.0009389770529046655
0.0009322227138653398
0.0009545681968517602
0.0009421015647798777
0.000938246401399374
0.0009479036767780781
0.0009422350069135428
0.0009513519276678562
0.0009410010520927608
0.000952613443210721
0.0009424774317443371
0.0009621814756840467
0.0009777903920784592
0.0009600716382265091
0.0009660386204719543
0.0009593873172253371
0.000971493255160749
0.0009496720027178526
0.0009630481412820518
0.0009548943322896957
0.0009771789294853806
0.0009503165452927351
0.0009598045609891415
0.0009504716348648071
0.0009791882664710284
0.000976979520507157
0.0009622806683182716
0.0009696773916110397
0.0009634775710478425
0.0009614170601218939
0.000959084192942828
0.0009641023232787847
0.0009696432256326079
0.0009814395175129175
0.000979549917653203
0.0009655721642822027
0.0009664394599944353
0.0009682706904411316
0.0009654014314711093
0.0009748584603518248
0.0009787805342301725
0.0009536351078376174
0.0009728931759297848
0.0009721781841292977
0.0009758468921110034
0.0009620306906104088
0.0009843732926249505
0.0009609431667625904
0.0009724336052685976
0.0009649385592713952
0.0009920229794085026
0.0009714488558843732
0.0009704626170173288
0.0009585436748713255
0.0009748475880920887
0.0009798286078870296
0.0010042861911654473
0.0009681949029862881
0.0009924263595044614
0.0009857365553826093
0.0009683879634737969
0.0009693073440343141
0.000969867607653141
0.0009822929076850413
0.0009498528974503279
0.0009710057264566422
0.0009879119228571654
0.0009608291265368462
0.0009682096624374389
0.0009717914519831539
0.0009915889857709408
0.000967017423287034
0.0009548248285800218
0.0009810800448060036
0.0009891429117321968
0.0009757106041163206
0.0009781326106190682
0.000980006628856063
0.0009718245013803243
0.0009894140711426734
0.0009852895314246416
0.0009872453919798135
0.0009642871914803981
0.0009832806569710375
0.0009713726959377527
0.0009814879604801536
0.0009781487352401017
0.00100147717859596
0.0009795293427631259
0.0009661605153977871
0.0009660895545035601
0.0009708833338320256
0.0009846615125611424
0.0009759742444381118
0.0009717332769185304
0.0009721840509399771
0.0009791855008527636
0.000994773818925023
0.0009777454194426537
0.0010007299533486367
0.0009691284860670567
0.00097928774446249
0.0009882002723962068
0.0009666494907438755
