1.3307497512817383
1.018172352294922
0.8562806954956055
0.7127626522827148
0.6023140907287597
0.5110849507141113
0.4301227332305908
0.34447973670959475
0.28268971408843996
0.2382531195831299
0.19969955001831055
0.1532927749633789
0.1305140877532959
0.13402307331085206
0.1033692784500122
0.0986983935546875
0.08109223848342896
0.0627161305618286
0.06379481439590454
0.0671702175617218
0.06369870644569398
0.06399811586856842
0.03824641366004944
0.02747447719812393
0.018956137640476226
0.0137134273314476
0.009934708471298218
0.007882253795862198
0.00691547579407692
0.003218065245449543
0.002363845413327217
0.0008336591517180205
0.0003916327495127916
0.0009377155765891075
0.00038280332662165163
0.0002639487919956446
0.00023247119948267936
0.00023311564549803734
0.00021154035709798337
0.0002031620555743575
0.00020839709002524613
0.00021585600461810828
0.00022356807135045527
0.00021675263710319996
0.00022927427172660827
0.00022833150863647462
0.000242905245795846
0.00023110322423279284
0.00024549543343484404
0.0002485304155945778
0.0002557895985245705
0.00025872669488191604
0.00025774618186056615
0.0002738087151944637
0.0002617243216186762
0.00027066113211214544
0.00027869030989706515
0.000288754810616374
0.00029497646316885946
0.0002970009992271662
0.0002925594296306372
0.0003000279962271452
0.0003159984154999256
0.0003205268374830484
0.0003170781183242798
0.00032213580280542373
0.00032801139071583747
0.0003257669712603092
0.0003339016792178154
0.0003429976484179497
0.00036433363780379296
0.0003476099506020546
0.0003391662901639938
0.00035276250161230563
0.0003464625509083271
0.00035688993245363236
0.00037627211153507233
0.00036448847711086275
0.0003618416081368923
0.0003620756308734417
0.0003658318790793419
0.00035689725056290626
0.0003672734697908163
0.0003682524233311415
0.00036093045532703397
0.0003840113969147205
0.00036143936157226564
0.0003594843723624945
0.0003668598110973835
0.0003572216056287289
0.0003627580703794956
0.00036840270698070525
0.0003751497130095959
0.0003867442640662193
0.00037706187784671783
0.000369969944357872
0.0003702799716591835
0.000376022959202528
0.00037616168811917304
0.0003720460576564074
0.0003731428688764572
0.00037172418281435966
0.0003815328580141068
0.0003839747619628906
0.00038164854511618613
0.0003936605553328991
0.000387284577190876
0.00038477643445134163
0.0004102838660776615
0.00039183218158781526
0.0003893824754655361
0.0003776915118098259
0.00038024341151118277
0.0003722865734994411
0.0003803781844675541
0.00038240426436066626
0.0003785928209125996
0.00036980517506599427
0.0003833768256008625
0.000401467237919569
0.00038101031325757503
0.0003781998063623905
0.00041424718841910364
0.00038480491235852243
0.0003810681775212288
0.0003815018950402737
0.00038058604657649996
0.0004016777838766575
0.0003914290326833725
0.0003904247562587261
0.00037032954186201096
0.0003935108497738838
0.00045691287495195867
0.00038808384373784067
0.00038078010126948357
0.00038218612730503085
0.0003809117974340916
0.0003698225274682045
0.0003819906838238239
0.00037055978909134865
0.0003817456674575806
0.0003746130544692278
0.00037832566827535627
0.00038156194992363453
0.00037276594385504723
0.0003734687649458647
0.0003664232864975929
0.0003812605507671833
0.00037891953974962235
0.0003839370505511761
0.00037160786047577856
0.00037418340653181076
0.0003814262655377388
0.5059845405599475
0.7632791567993165
0.5973249594879151
0.49826875007629395
0.4057495905303955
0.32053166522979737
0.25617020935058593
0.21610028247833252
0.1743310213470459
0.13379070541381835
0.11580265021324157
0.07437809343338013
0.08353907537460327
0.0713078423690796
0.061254979333877566
0.06001441511154175
0.045845942125320435
0.04683649958610535
0.03622985895633698
0.02669205846786499
0.02585890369415283
0.047050885739326476
0.02937675342798233
0.01768478663921356
0.013889381461143494
0.011381675662994384
0.009482358449697494
0.007638826809227467
0.005529564646482467
0.009681774120926858
0.017073791148662566
0.01823246090054512
0.025175338213443758
0.02843068584680557
0.03336706773281097
0.036212157130241396
0.02538213757276535
0.01593444903612137
0.009843904567956925
0.008979969113469124
0.007178561959266663
0.004823671417236328
0.002428122819364071
0.000765789266526699
0.0004536388224363327
0.0003931863822042942
0.0003442115677893162
0.0003521914298087359
0.0003446431973576546
0.000346963102966547
0.0003306374549865723
0.0003392074816673994
0.00033182828038930893
0.0003476198810338974
0.00036928344756364823
0.0003698499356210232
0.00037187100425362584
0.00041311312437057493
0.0007182608638703823
0.0005301892317831516
0.0004439304254204035
0.0004522258228063583
0.00043939011223614215
0.00046113788232207296
0.00045091895520687103
0.0004719762011617422
0.0004739319959282875
0.00047747171133756636
0.0004968869233131409
0.0006014060734212399
0.0005215521819889545
0.0005309021490812302
0.0005109291622042656
0.0005227758817374706
0.0005256280910968781
0.0005222975932061673
0.0005389161978662014
0.0005365738588571548
0.0005506041678786278
0.0005561137834191322
0.000574152767136693
0.0005458920547366142
0.0005617955973744392
0.0005971392723917961
0.0005716106477379799
0.0005747619916498661
0.0005837187394499779
0.000565490800589323
0.0005714434552192688
0.0005751241195201874
0.0005829217825829983
0.0005917398580163717
0.0005950345894694328
0.000604213694036007
0.000592836757004261
0.0006015835744142532
0.0006037610226869583
0.0006080852059274912
0.0006144495716691017
0.0006250893955677747
0.0006216093319654465
0.0006124784332513809
0.0006261117224395275
0.0006322287088632583
0.0006282567581534386
0.0006221939365565777
0.0006341976794600486
0.000627955122590065
0.0006417981651425362
0.0006453540080040693
0.0006501213644444943
0.0006509438532590866
0.0006389655405282974
0.0006640441945195198
0.0006464149044454097
0.0006500695553421974
0.0006662630558013916
0.0006617181712388992
0.0006756471493840218
0.0006560422748327255
0.0006525264021754265
0.0006651171314716339
0.0006569855214655399
0.0006678003424406051
0.0007162637488543987
0.0006863682699203491
0.0006648038853704929
0.0006751992797851562
0.0006800366401672364
0.0006884253051877021
0.38021516159921886
0.3897229989242554
0.24833122177124023
0.1823054697418213
0.1434860140991211
0.09896442368507385
0.07036173025131226
0.07727448228836059
0.058329006543159485
0.037614996976852416
0.030812346889972687
0.028553493008613585
0.03378490295886993
0.03329166178703308
0.029561260986328126
0.026826214723587035
0.021171169414520262
0.01904088337421417
0.01086176642179489
0.018865995988845825
0.031043261337280272
0.028947804770469664
0.025406778712272645
0.01664752318739891
0.01372715634226799
0.0141884523665905
0.011285934494435787
0.0064403440779447554
0.004064334456324577
0.0033997124093770982
0.0012620210275053978
0.0007761922033131122
0.0007212499135732651
0.0004980581875145435
0.00046634604051709177
0.0004444406406581402
0.0004521014208346605
0.00042498998060822485
0.0004603830713033676
0.0004849007400870323
0.0005034003372490406
0.0004976831549406051
0.0005002933406829834
0.0005211397141218185
0.0005275480967760086
0.0005444270335137844
0.0005604195322841406
0.0005632363171875477
0.0005721100571751595
0.0005864986217021943
0.00060863108381629
0.0006206265866756439
0.0006214296434819698
0.0006275759242475033
0.0006499084866046905
0.0006456549634039402
0.000656754399240017
0.0006751380693912506
0.0007218092745542526
0.000773044215142727
0.0007155712009966373
0.0006946142068505288
0.0007129978653788566
0.0007079688638448715
0.0007983687284588814
0.0007280049668252468
0.0007166328874230385
0.0007058667555451393
0.0007177087001502514
0.000708373194783926
0.0007111491137742997
0.0007346404646337032
0.0007193200844526291
0.0007286388325691224
0.0007422066834568978
0.0007229279433190823
0.0007330111773312092
