0.7849
0.84274
0.8834
0.90194
0.92796
0.94864
0.94862
0.94804
0.9555
0.95906
0.97104
0.94372
0.9661
0.96164
0.96364
0.97106
0.93104
0.97796
0.96606
0.95826
0.945
0.968
0.96816
0.98412
0.9785
0.97244
0.97866
0.9852
0.96096
0.9685
0.98718
0.9712
0.97482
0.98074
0.94008
0.98462
0.98102
0.97472
0.97632
0.95018
0.98266
0.98752
0.965
0.96862
0.98848
0.95604
0.97676
0.97962
0.98412
0.97872
0.97602
0.96252
0.96538
0.97748
0.97606
0.96996
0.97954
0.97796
0.95162
0.97846
0.97796
0.98342
0.98616
0.94338
0.98152
0.97874
0.97174
0.97342
0.98292
0.9802
0.99014
0.98276
0.98572
0.98026
0.95536
0.98154
0.98338
0.94832
0.98486
0.9809
0.98614
0.9835
0.95682
0.98422
0.96618
0.97458
0.98808
0.98848
0.98488
0.9476
0.9584
0.97888
0.98588
0.9879
0.96054
0.97814
0.99048
0.98524
0.97954
0.95676
0.9819
0.95076
0.9882
0.98034
0.97782
0.97204
0.98522
0.9818
0.97378
0.98174
0.9857
0.98414
0.9599
0.9722
0.98136
0.98216
0.98566
0.97708
0.98934
0.98088
0.97884
0.97876
0.9853
0.98834
0.98364
0.98528
0.98652
0.98016
0.97746
0.96984
0.98376
0.97558
0.98338
0.99198
0.98484
0.99248
0.98308
0.99476
0.98298
0.96338
0.98114
0.9756
0.9839
0.99418
0.96728
0.96954
0.98144
0.94452
0.98918
0.98854
0.99312
0.97832
0.98318
0.98056
0.9839
0.97382
0.99118
0.97902
0.99006
0.98404
0.9868
0.98892
0.98524
0.97962
0.95692
0.98168
0.98726
0.98338
0.98044
0.98164
0.98226
0.98706
0.98142
0.96606
0.97436
0.98892
0.98722
0.99204
0.98998
0.97626
0.99996
1.0
1.0
1.0
1.0
1.0
1.0
1.0
1.0
1.0
1.0
1.0
1.0
1.0
1.0
1.0
1.0
1.0
1.0
1.0
1.0
1.0
1.0
1.0
1.0
1.0
1.0
1.0
1.0
1.0
1.0
1.0
1.0
1.0
1.0
1.0
1.0
1.0
1.0
1.0
1.0
1.0
1.0
1.0
1.0
1.0
1.0
1.0
1.0
1.0
1.0
1.0
1.0
1.0
1.0
1.0
1.0
1.0
1.0
1.0
1.0
1.0
1.0
1.0
1.0
1.0
1.0
1.0
1.0
1.0
1.0
1.0
1.0
1.0
1.0
1.0
1.0
1.0
1.0
1.0
1.0
1.0
1.0
1.0
1.0
1.0
1.0
1.0
1.0
1.0
1.0
1.0
1.0
1.0
1.0
1.0
1.0
1.0
1.0
1.0
1.0
1.0
1.0
1.0
1.0
1.0
1.0
1.0
1.0
1.0
1.0
1.0
1.0
1.0
1.0
1.0
1.0
1.0
1.0
1.0
1.0
1.0
1.0
1.0
1.0
1.0
1.0
1.0
1.0
1.0
1.0
1.0
1.0
1.0
1.0
1.0
1.0
1.0
1.0
1.0
1.0
1.0
1.0
1.0
1.0
1.0
1.0
1.0
1.0
1.0
1.0
1.0
1.0
1.0
1.0
1.0
1.0
1.0
1.0
1.0
1.0
1.0
1.0
1.0
1.0
1.0
1.0
1.0
1.0
1.0
1.0
1.0
1.0
1.0
1.0
1.0
1.0
1.0
1.0
1.0
