1.3368752023315429
1.006572852935791
0.8530150680541992
0.7230038538360596
0.622433726348877
0.5230873759460449
0.4278962740325928
0.36656573867797854
0.29465968391418457
0.25663639358520507
0.19880722908020018
0.16110415542602538
0.14326665941238403
0.12296360422134399
0.09960007078170777
0.09114642186164856
0.08284153966903686
0.07713485736846924
0.06863987362861633
0.049349777135848996
0.05431002015590668
0.05324691958427429
0.06003749616622925
0.04673890610218048
0.04251238881587982
0.048232209696769716
0.05506943116188049
0.03888646198272705
0.029923402903079988
0.020617234482765198
0.017117419669628143
0.02069426383972168
0.022994231405258178
0.03251855542898178
0.026794237718582154
0.030365916714668272
0.026191082592010497
0.02591812575817108
0.019847058015465737
0.013979016854763032
0.013323978649377823
0.01741141566038132
0.029777644729614257
0.03158830936908722
0.03865207136154175
0.03478204149723053
0.03825273426532745
0.04105155747652054
0.026622514824867247
0.016114064217209817
0.006172260621190071
0.004341122068464756
0.0019515313274413347
0.000604964511692524
0.00032577406495809557
0.000254157234095037
0.00024264933198690414
0.00022770736530423164
0.0002238518025353551
0.00022356541641056538
0.0003458128859847784
0.00023884541817009448
0.00022437346503138543
0.0002292006139457226
0.00022269534289836885
0.00022222581095993519
0.0002409098159521818
0.00023796397726982832
0.00023925248131155966
0.00024414744649082424
0.00025569292075932026
0.00027096244774758816
0.0002766639642417431
0.0002768229754269123
0.0002786456387490034
0.0002886435046046972
0.00031333118572831155
0.0014235031451284884
0.0004527228655666113
0.0003699341954290867
0.0003451835279911757
0.0003317795045673847
0.0003227395065128803
0.00031293315060436724
0.000310766034796834
0.0003155146137624979
0.0003181304602324963
0.0003200336056947708
0.00033002445913851263
0.0003279362453520298
0.0003259389884769917
0.0003293058620393276
0.0003399424993991852
0.00033103025645017626
0.00035038856856524944
0.0003496041008830071
0.00036487467035651206
0.00035286730132997034
0.0003531442807614803
0.0003684490378946066
0.00035619636058807375
0.000368948849439621
0.00036739161148667337
0.0003690198137611151
0.00037460304588079454
0.0003729935146868229
0.00038066977873444556
0.000376165491938591
0.0003826190361380577
0.0003856646202504635
0.0003816248939931393
0.0003775718769058585
0.0003946769732236862
0.0003928414823114872
0.0003776671661436558
0.00038597530514001844
0.00038755896300077437
0.0003915685547888279
0.0004022309531271458
0.00039320929139852526
0.0003938624855875969
0.00038348867014050485
0.0003891012088954449
0.0004006800130009651
0.0006244249036163092
0.00043670532390475275
0.00041969531163573267
0.00041215339854359625
0.00044285409718751906
0.00039873982936143874
0.000394984804391861
0.00040444345727562903
0.000397307101264596
0.0003926060646772385
0.0003974200549721718
0.0003912796388566494
0.0003809592208266258
0.00038775554828345774
0.00038234062768518925
0.00038553867384791377
0.0003927279829978943
0.0003897396209836006
0.00043173990562558174
0.00040425699159502986
0.0004060454361140728
0.0004043689730763435
0.0003949015375971794
0.00040921188175678253
0.0003854106839001179
0.0003947729526460171
0.00041437231808900835
0.0003986731230467558
0.0003997201593965292
0.0003975408060848713
0.0005380121766030789
0.00043062057971954347
0.00040481425344944
0.00038973143227398395
0.00039191484197974205
0.0004053075633943081
0.0004056585644185543
0.00038657720521092414
0.0004043926392495632
0.00039565884061157705
0.00038931060157716273
0.0003940909969061613
0.00038541976898908613
0.00039341410540044306
0.00039599175557494164
0.0004151914745569229
0.0004018954700231552
0.0004047107552736998
0.0003855080438405275
0.00038800935596227645
0.00039329368606209756
0.0004042372411489487
0.0004090180231630802
0.0004052001151442528
0.5192853260563314
0.7407100517272949
0.5766089830017089
0.4786449621582031
0.3907054125213623
0.311780566444397
0.2577429122924805
0.20944781063079834
0.15458663860321045
0.1339053548049927
0.11284918792724609
0.1036555862045288
0.07698503252029419
0.07035081878185272
0.052074630479812624
0.06552187274932861
0.04310458057641983
0.0349325187921524
0.03392514355182648
0.025970980851650238
0.024494548172950745
0.023542612926959992
0.02687411577939987
0.020994707005023955
0.015129212100505829
0.022011101090312003
0.022363470277786256
0.03198095588684082
0.02528798274755478
0.01727592504143715
0.01614865976572037
0.010959176079034806
0.019093334436416625
0.019948887549042702
0.014804452433586121
0.02577281255722046
0.022359464330673217
0.025190553269386292
0.019543364179134368
0.016203607144355772
0.012843901883363724
0.010886646274328232
0.011599093300700188
0.011962768857479095
0.010357449788451194
0.010255288006067276
0.0072848243755102154
0.007064628814160824
0.007359394574165345
0.010660443050861359
0.019972956997156142
0.024864777340888978
0.02107962243080139
0.0230828170132637
0.03575662076950073
0.02837177409172058
0.018737006928920746
0.01664074884355068
0.007703085588216782
0.003599187083542347
0.0013388289949297905
0.0005628321400284768
0.00046781032718718054
0.0004420895543694496
0.0009784299318492413
0.0023038869041204454
0.0012942783671617507
0.0006988764180243016
0.0004359564809501171
0.00042905630022287367
0.0004061422327160835
0.0004231274259090424
0.00042295749172568324
0.0004271298317611217
0.0004351772414147854
0.0004389404196292162
0.00044386850848793984
0.0004631206212937832
0.0004790472307801247
0.000488374959975481
0.00048775438494980334
0.0004999106225371361
0.0005099108096957207
0.0005308706191182136
0.0005388487424701452
0.0005578640013933182
0.0005399413783103228
0.000562559010386467
0.0005715830118954182
0.000594505518078804
0.0005806726080179215
0.0005922836804389954
0.0006114426279067993
0.0006075273463129997
0.0006282697243988514
0.0006209989377111197
0.0006235644183307886
0.0006234050723910332
0.0006280228358507157
0.0006378469248116016
0.000646955549120903
0.0006737065577507019
0.0006645416381955147
0.0006591286700963974
0.0006553544814884663
0.0006689598675817251
0.0006800883626937866
0.0006830667063593864
0.0006782742604613304
0.0006779132923483849
0.0006840133467316627
0.0006848322883248329
0.0006941057893633842
0.0006974870486557484
0.0006934088978171348
0.000689219162017107
0.0007028134644031525
0.0007031027057766915
0.0006844722524285316
0.0007108177357912064
0.0007076851561665535
0.0007161376738548279
0.0007131987676024437
0.0007156991215050221
0.0007177792903780937
0.0007137403957545757
0.0007127984130382538
0.0011418903037905693
0.3215030093032122
0.264497724609375
0.16537465456008912
0.12234361595153809
0.07715675590991974
0.060925972728729245
0.0637791225528717
0.054976031494140626
0.03396169388771057
0.031931275243759154
0.029232518672943117
0.025812268258333205
0.018216327767372132
0.032914350798130036
0.031087324409484862
0.02730215184211731
0.034490071078538895
0.02150836106300354
0.020719598996639253
0.013433354786634445
0.0254088959980011
0.02122878020763397
0.017763960534334183
0.014324896253347397
0.01371297154903412
0.00978003939628601
0.006603337795138359
0.0038403005576133726
0.0032060874864459038
0.003444918288886547
0.002003267678767443
0.0006990693527460098
0.000510923323109746
0.00042775788456201556
0.00044156100422143937
0.0004328840497136116
0.0004374781635403633
0.0004445836436748505
0.0004487343893200159
0.00046652563035488127
0.0004736683823168278
0.00048695391222834585
0.0005035338006168604
0.0005033631268143654
0.0005317660680413247
0.0005447025726735592
0.0005774236848950386
0.0005688476455211639
0.0006103043375909328
0.000602219931781292
0.0006054824975132942
0.0006212925708293915
0.0006264606638252735
0.0006414838485419751
