0.5012
0.5659
0.61455
0.700025
0.76695
0.77665
0.83295
0.808675
0.85245
0.898425
0.901375
0.9334
0.943475
0.956425
0.945525
0.91835
0.96345
0.971825
0.967
0.9809
0.9778
0.96395
0.988875
0.982675
0.99475
0.996775
0.998675
0.99735
0.9992
0.999875
0.99985
1.0
1.0
0.999975
1.0
1.0
1.0
1.0
1.0
1.0
1.0
1.0
1.0
1.0
1.0
1.0
1.0
1.0
1.0
1.0
1.0
1.0
1.0
1.0
1.0
1.0
1.0
1.0
1.0
1.0
1.0
1.0
1.0
1.0
1.0
1.0
1.0
1.0
1.0
1.0
1.0
1.0
1.0
1.0
1.0
1.0
1.0
1.0
1.0
1.0
1.0
1.0
1.0
1.0
1.0
1.0
1.0
1.0
1.0
1.0
1.0
1.0
1.0
1.0
1.0
1.0
1.0
1.0
1.0
1.0
1.0
1.0
1.0
1.0
1.0
1.0
1.0
1.0
1.0
1.0
1.0
1.0
1.0
1.0
1.0
1.0
1.0
1.0
1.0
1.0
1.0
1.0
1.0
1.0
1.0
1.0
1.0
1.0
1.0
1.0
1.0
1.0
1.0
1.0
1.0
1.0
1.0
1.0
1.0
1.0
1.0
1.0
1.0
1.0
1.0
1.0
1.0
1.0
1.0
1.0
1.0
1.0
1.0
0.51915
0.7081
0.621575
0.7093
0.827175
0.86655
0.82215
0.86215
0.936625
0.9493
0.95735
0.9724
0.951825
0.9746
0.963975
0.9834
0.949125
0.98725
0.985675
0.941475
0.991675
0.9762
0.9881
0.995125
0.9853
0.996525
0.99675
0.99875
0.9982
0.992725
0.9906
0.99235
0.9849
0.98765
0.9862
0.9883
0.9906
0.9962
0.9959
0.9903
0.998475
0.999525
0.99995
1.0
1.0
1.0
1.0
1.0
1.0
1.0
1.0
1.0
1.0
1.0
1.0
1.0
1.0
1.0
1.0
1.0
1.0
1.0
1.0
1.0
1.0
1.0
1.0
1.0
1.0
1.0
1.0
1.0
1.0
1.0
1.0
1.0
1.0
1.0
1.0
1.0
1.0
1.0
1.0
1.0
1.0
1.0
1.0
1.0
1.0
1.0
1.0
1.0
1.0
1.0
1.0
1.0
1.0
1.0
1.0
1.0
1.0
1.0
1.0
1.0
1.0
1.0
1.0
1.0
1.0
1.0
1.0
1.0
1.0
1.0
1.0
1.0
1.0
1.0
1.0
1.0
1.0
1.0
1.0
1.0
1.0
1.0
1.0
1.0
1.0
1.0
0.64285
0.834225
0.86085
0.940475
0.93335
0.9388
0.94855
0.971275
0.9632
0.98865
0.97
0.939025
0.97435
0.980425
0.988
0.97375
0.99615
0.989875
0.990325
0.986775
0.973175
0.993075
0.992325
0.989825
0.98465
0.994425
0.99565
0.99725
0.9998
0.9999
0.999975
1.0
0.999975
1.0
1.0
1.0
1.0
1.0
1.0
1.0
1.0
1.0
1.0
1.0
1.0
1.0
1.0
1.0
1.0
1.0
1.0
1.0
1.0
1.0
1.0
1.0
1.0
1.0
1.0
1.0
1.0
1.0
1.0
1.0
1.0
1.0
1.0
1.0
1.0
1.0
1.0
1.0
1.0
1.0
1.0
1.0
1.0
