0.695463607121706
0.5279235821533204
0.43216331884384157
0.358409721660614
0.3012728437900543
0.24744552410125734
0.2066919637155533
0.1959004022026062
0.16521803761005402
0.1562718837404251
0.14453286087989808
0.1265521155834198
0.12116699066638946
0.10684225318431854
0.10932596054077148
0.10646195228338241
0.10019929454803467
0.08497850297927856
0.09469068421363831
0.09040204668521881
0.0900691549038887
0.09043947186470032
0.09192697914600373
0.08621192939281463
0.081462440867424
0.07884059416055679
0.07724352700471879
0.07986774264335632
0.07890470218896865
0.07887251737117768
0.07056247130393982
0.07828749489307403
0.07172328688144684
0.06461765145421028
0.07617770700573921
0.0714757118821144
0.07047584320306778
0.06342701835274696
0.06566994897127151
0.06543506778478622
0.06583167397737504
0.06644270764827728
0.07340409765124321
0.06401966531038285
0.06379033721923828
0.06414054133176804
0.06207229861140251
0.0583870296806097
0.06065707364559174
0.0605339333486557
0.018404565561339258
0.003250042839422822
0.0016855467800982297
0.0012830881349742414
0.0008508600196242333
0.0006542214476689697
0.0005177081310003996
0.0004486798918992281
0.0003538259442523122
0.0002721921952906996
0.00024845616264268755
0.00021166429633274675
0.00018179479407146574
0.00017467918207868932
0.00014340918656205757
0.00011454989033285528
0.00010942205332219601
9.406139667145907e-05
8.850424810312689e-05
7.125247805379332e-05
6.028866721317172e-05
6.0667047537863254e-05
4.86751153646037e-05
5.098215909441933e-05
5.2529862271621826e-05
5.022632056352449e-05
4.741094592551235e-05
4.230779622681439e-05
4.7350217774510385e-05
4.590071224141866e-05
4.803923241561279e-05
3.917627180460841e-05
4.247312963940203e-05
3.813184457831085e-05
3.560607107705437e-05
3.365973668638617e-05
3.541671755141579e-05
3.6855057205539193e-05
3.254623018205166e-05
3.149324879050255e-05
2.9133586888201534e-05
3.3033088054507974e-05
3.401590199675411e-05
2.703625933500007e-05
2.7173123060492798e-05
2.7574881829787045e-05
2.6318950527347625e-05
2.7305194928776473e-05
2.4167818799614906e-05
2.5557172796688975e-05
