0.8653349797058105
0.5522572716331482
0.4358838764953613
0.3641718298244476
0.3018759396839142
0.2598814083766937
0.22755229082107545
0.1937138965511322
0.17678865963935853
0.16156134688854218
0.1509884722185135
0.13899543847084045
0.1356114725589752
0.12066277726650237
0.12571878813266754
0.11104308767795562
0.11455976796150208
0.11448338568687438
0.10245339284896851
0.10256650665283203
0.10161025109767914
0.0998480576133728
0.09570829533576965
0.0974310526561737
0.09429803224563599
0.0937008100271225
0.09523874645233155
0.09150387631893157
0.08966483369112015
0.08972270579338074
0.08225896948814392
0.08444139174938202
0.08707247423171997
0.08678933732032776
0.08457678495645524
0.08339509219646454
0.0819634733724594
0.07522900352478028
0.09289989197134972
0.07705107953548432
0.08166689257383347
0.07472858837842941
0.08627040447711945
0.08284511175990104
0.06913071840763092
0.07821584089756012
0.0802134465265274
0.06411146802902222
0.09085438154697419
0.07874692492961884
0.07539897762298584
0.07359502583086491
0.07074201292037964
0.08160043986797333
0.07046243729948998
0.07109386828899383
0.06566047612667084
0.08293425641059876
0.0714010375404358
0.07388632328510285
0.06626948927879334
0.07415338792800903
0.07722885476350784
0.06610162117481232
0.0751776231098175
0.07448974263191223
0.07457415909767151
0.069310249209404
0.0720169048500061
0.06896926003932953
0.07529581897616386
0.0645567380785942
0.06943232201576233
0.0793335047531128
0.06160449968338013
0.06784889479756355
0.0640655685722828
0.0722129931640625
0.07729169886350631
0.060599577922821043
0.07111288847208024
0.06407849997997284
0.0690529801940918
0.07334291412115097
0.061874650530815124
0.06701393872857093
0.059503609590530394
0.07098053385972977
0.06070831992149353
0.0702569539642334
0.06943600212097167
0.06221675500631332
0.0644644539809227
0.06625965972423553
0.06637371897101402
0.06639618144035339
0.06847461936950684
0.059596114681959154
0.0582382301902771
0.07073798789262771
0.06774917245745658
0.06352679803848267
0.06231965980052948
0.07038033819317818
0.05535283273458481
0.06695730576038361
0.06429770481944085
0.06735665023565292
0.06943220886230468
0.06195100783586502
0.06376931155323982
0.05884851880788803
0.065308892288208
0.06833043334007263
0.06449407161712646
0.05966355430841446
0.06093659120559693
0.0695626725769043
0.06696048838853837
0.052579531905651095
0.07023709161281586
0.05706252819299698
0.06189604864835739
0.06646547360420227
0.060489538514614104
0.05775777976155281
0.0629674738931656
0.05901667052268982
0.06497949252367019
0.06237731692194939
0.051489152994155886
0.07191657055854797
0.06067778880119324
0.0677652114391327
0.06171581801891327
0.06313899346351623
0.06164714443922043
0.05701084334373474
0.06034132224082947
0.06701854719638825
0.055050925574302675
0.0630358359503746
0.06987413699150086
0.062362521343231204
0.04451830192267895
0.05686603497028351
0.07087992281913758
0.07119211157798767
0.04734151589870453
0.06667299676418305
0.07017128560543061
0.05547989541530609
0.056164192998409274
0.05604620158910752
0.06100261884212494
0.05882189632773399
0.06080322859048844
0.06058764534711838
0.06332528861761093
0.055822151087522504
0.06073020961046219
0.06257862873077392
0.054411185014247895
0.059645470547676084
0.059346771366596225
0.060517798590660095
0.06497753221511841
0.06080255269765854
0.05056677752494812
0.0596592320728302
0.06866713808059692
0.059660323984622954
0.05125235576629639
0.06250375717639924
0.06386057256102562
0.04404992277145386
0.07474113669395446
0.06198644730567932
0.04842116753578186
0.0646343965125084
0.02637838299512863
0.008032643714547157
0.0056461832241714
0.00435651526555419
0.003278251640051603
0.0028924634984135627
0.0024324992950260638
0.0022126967287063597
0.002011611507497728
0.0018293479820340871
0.001708966590166092
0.0015621807906031609
0.0014727616576105356
0.001398237454071641
0.0013525199368596076
0.001272566293925047
0.0012395827989280224
0.0012488474206626414
0.0012352279905974864
0.0012027973105013371
0.0011810242995619774
0.0013679353696480394
0.0011813414892554283
0.001333226216249168
0.0011347112434357404
0.0011150835673511027
0.0011530284415185452
0.0013167148531973362
0.001700595256090164
0.01234119908362627
0.008627731578052043
0.003054997320175171
0.001754495405256748
0.0013042934898659588
0.0011823419601097703
0.0011410542431473732
0.001129633564427495
0.001046179743744433
0.0010974836285412312
0.0012700370596349239
0.0013558325365930796
0.0011849264387041331
0.0011274634002894164
0.0010999897737801075
0.0010721966585703195
0.001094041797220707
0.0014327853761985899
0.021845347348451616
0.015949242362976075
0.004486658825874328
0.002635737801939249
0.0017102453431487084
0.0012776460406184196
0.0013583873539417981
0.001158272610232234
0.0010991059255599975
0.0010304377552121879
0.0010134253281354904
0.0010844075471907854
0.0010476861061528325
0.0010527600055933
0.001066802376843989
0.0011458918115496636
0.019362228939533235
0.017260126399993896
0.006661663899719715
0.002832952456921339
0.0016125050063431263
0.0014760585908591747
0.0012361979538947343
0.0011292623248696327
0.002398253885433078
0.0031252775871008632
0.005067807883769274
0.004919621458500624
0.006358017904907465
0.0057767725194245575
0.0036323693862557412
0.002869013811647892
0.0027632120334357023
0.002963259474337101
0.005074971930831671
0.004166646641492844
0.0036055443888902664
0.005846175357997418
0.0036154845838621257
0.0025063484901189804
0.0019216606938838958
0.003647483089119196
0.0032185368102788927
0.002149200147688389
0.0014585898976027965
0.0013448658268526196
0.001213918507695198
0.0011739138825424015
0.0011296963253617286
0.0011069152914732695
0.00110980937063694
0.0011106634635478258
0.0010421821200847627
0.0010121558741107582
0.001008161762356758
0.000987771335542202
0.0010211908680945634
0.000999585744664073
0.0009911958448588847
0.0010605482050031424
0.0010084521575272083
0.001055005228817463
0.0010241187040507793
0.00100928092174232
0.0010255778865516185
0.0009945503823459148
0.0010092939655482768
0.0009964895331487059
0.0010158936971053482
0.0010136870386078954
0.0010240572745352984
0.0010368002242594958
0.0010197660952806474
0.0010421870087087154
0.0010317135982587933
0.0010404721955209971
0.001039375523775816
0.0010461804813146592
0.0010145753782987595
0.0010301844589412211
0.001052316138520837
0.0010485860645398498
0.0010430325830727816
0.0010330686392262577
0.0010419484496861696
0.0010185490486770868
0.0010638770398497582
0.0011716160506010055
0.0011748116114735604
0.0010668900059908628
0.0010802848234772683
0.0010543735155835747
0.0010328386787325143
0.00105310571487993
0.0010579614423215388
0.0010404005547985434
0.001023497653119266
0.0010329508005082607
0.0010294448833912612
0.0010535972409695387
0.0010415868012607099
0.0010444760958105326
0.0010566760937124491
0.0010466192889958621
0.0010575104451179505
0.0010520450536161661
0.0010525356159359217
0.001030533757135272
0.0010482624247297645
0.0010512391197308897
0.0010392935013771058
0.001048846867904067
0.0010506734959408641
0.0010335471023619174
0.0010444329915940762
0.0010356090197712184
0.0010265796312689782
0.0010345439562946558
0.0010310784966498614
0.0010357086135074497
0.0010291031552106143
0.0010480285127460957
0.001030742994993925
0.0010564100641757249
0.0010373853446543216
0.0010583686843514443
0.0010823430156707765
0.0010625610050559043
0.0010468202262371778
0.0010403070812672376
0.0010511986866220831
0.0010274984443932771
0.0010387222365662455
