0.504075
0.589425
0.609475
0.7371
0.738175
0.793125
0.715675
0.79065
0.8803
0.876225
0.915525
0.940325
0.899325
0.9538
0.95115
0.8534
0.950075
0.957025
0.97505
0.975425
0.942825
0.980425
0.96915
0.9817
0.975075
0.976725
0.96945
0.985
0.988575
0.995025
0.9826
0.97935
0.98675
0.9899
0.9917
0.98735
0.98595
0.993375
0.993175
0.99595
0.9955
0.9931
0.98855
0.967725
0.9635
0.9883
0.98715
0.967125
0.9962
0.99775
0.9993
0.999575
1.0
1.0
1.0
1.0
1.0
1.0
1.0
1.0
1.0
1.0
1.0
1.0
1.0
1.0
1.0
1.0
1.0
1.0
1.0
1.0
1.0
1.0
1.0
1.0
1.0
1.0
1.0
1.0
1.0
1.0
1.0
1.0
1.0
1.0
1.0
1.0
1.0
1.0
1.0
1.0
1.0
1.0
1.0
1.0
1.0
1.0
1.0
1.0
1.0
1.0
1.0
1.0
1.0
1.0
1.0
1.0
1.0
1.0
1.0
1.0
1.0
1.0
1.0
1.0
1.0
1.0
1.0
1.0
1.0
1.0
1.0
1.0
1.0
1.0
1.0
1.0
1.0
1.0
1.0
1.0
1.0
1.0
1.0
1.0
1.0
1.0
1.0
1.0
1.0
1.0
1.0
1.0
1.0
1.0
1.0
1.0
1.0
1.0
1.0
1.0
1.0
1.0
1.0
1.0
1.0
1.0
1.0
1.0
1.0
1.0
1.0
1.0
1.0
1.0
1.0
1.0
1.0
1.0
1.0
1.0
1.0
1.0
1.0
1.0
1.0
1.0
0.511425
0.656125
0.6765
0.774775
0.805575
0.825125
0.864225
0.89805
0.874225
0.862325
0.952425
0.943925
0.970575
0.96875
0.96035
0.968175
0.9716
0.98445
0.99215
0.9831
0.99425
0.994175
0.990675
0.985425
0.994425
0.9914
0.980825
0.989525
0.9897
0.993525
0.990225
0.99655
0.9899
0.9942
0.982675
0.991525
0.9869
0.969475
0.99155
0.9957
0.989925
0.991825
0.9976
0.997825
0.996525
0.996
0.997925
0.998275
0.997525
0.99645
0.9709
0.970975
0.9875
0.987725
0.98855
0.993125
0.993425
0.996125
0.9982
0.999925
0.999975
1.0
1.0
1.0
0.999975
0.999875
0.999825
1.0
1.0
1.0
1.0
1.0
1.0
1.0
1.0
1.0
1.0
1.0
1.0
1.0
1.0
1.0
1.0
1.0
1.0
1.0
1.0
1.0
1.0
1.0
1.0
1.0
1.0
1.0
1.0
1.0
1.0
1.0
1.0
1.0
1.0
1.0
1.0
1.0
1.0
1.0
1.0
1.0
1.0
1.0
1.0
1.0
1.0
1.0
1.0
1.0
1.0
1.0
1.0
1.0
1.0
1.0
1.0
1.0
1.0
1.0
1.0
0.997525
0.792775
0.907975
0.95025
0.9369
0.9769
0.969925
0.975125
0.9651
0.97525
0.984775
0.990575
0.985375
0.967875
0.961825
0.988075
0.989425
0.9864
0.98635
0.995575
0.994275
0.978775
0.99025
0.99005
0.9741
0.992325
0.998425
0.998975
0.99935
0.999875
0.9992
1.0
1.0
1.0
1.0
1.0
1.0
1.0
1.0
1.0
1.0
1.0
1.0
1.0
1.0
1.0
1.0
1.0
1.0
1.0
1.0
1.0
1.0
1.0
1.0
