0.4532
0.665
0.5967
0.66564
0.63892
0.80876
0.76612
0.77996
0.69132
0.86548
0.84708
0.78372
0.9022
0.92058
0.91452
0.85752
0.92126
0.9092
0.91884
0.84174
0.94718
0.95874
0.87808
0.94836
0.91154
0.90246
0.79304
0.96172
0.86016
0.94196
0.87974
0.86164
0.92352
0.91576
0.96424
0.9234
0.94964
0.88162
0.94772
0.95098
0.92108
0.93964
0.89186
0.95876
0.94508
0.91986
0.94328
0.9655
0.96032
0.91392
0.91082
0.97212
0.9206
0.94614
0.94326
0.955
0.96216
0.96554
0.94644
0.93226
0.96818
0.95844
0.98182
0.88234
0.96464
0.91348
0.93492
0.94158
0.95888
0.79224
0.97424
0.93252
0.92876
0.9658
0.9628
0.91828
0.96946
0.9099
0.97438
0.93046
0.9998
1.0
1.0
1.0
1.0
1.0
1.0
1.0
1.0
1.0
1.0
1.0
1.0
1.0
1.0
1.0
1.0
1.0
1.0
1.0
