1.433761403388977
1.034008470058441
0.8611732737350464
0.7492908845329285
0.6597601496505737
0.579956163520813
0.5172631299781799
0.4457636617088318
0.39500639490127565
0.34326055218696594
0.2982359773826599
0.2644340494441986
0.2316295590209961
0.21572045644760132
0.19291711483955384
0.17418053039550782
0.15046065390110017
0.1522953637599945
0.14065476943016053
0.13459088908195496
0.12280965735554696
0.11779381407260894
0.11773913926362992
0.11353732733249665
0.11019800127506256
0.10190941155910492
0.106399942278862
0.10837081750035286
0.0955240212059021
0.10257454104423523
0.09974697617530823
0.10300182835578918
0.0911622396326065
0.09941168679714203
0.1014346996307373
0.10122422262191773
0.09819468584060669
0.08744989906787873
0.08963130791187286
0.09777141465187072
0.09054944456100464
0.09304336975932122
0.08608087842464447
0.0898375357723236
0.09439003037452698
0.08807973494768143
0.09028207533717156
0.08430598086833954
0.09142187498569489
0.08412337070465088
0.0881360157585144
0.08604855075359344
0.08151738021850585
0.09433539505004883
0.08040084124088287
0.08546108959674835
0.08166258039474487
0.0799573544549942
0.07257123775959015
0.07623048637866973
0.07279757329821587
0.06827983574867248
0.07978208221793175
0.07753811121940613
0.0742001032948494
0.07318901952028274
0.07029931454956531
0.06562036185741424
0.07303976576805114
0.07237261998176575
0.07363090718984604
0.07488597977638245
0.07029853204727173
0.06699935598790646
0.06530251762390137
0.06825541091203689
0.06144925755023956
0.06375633972764015
0.06195505324006081
0.06403878853797913
0.02157768078593537
0.003379807407334447
0.0016886429155617952
0.0009840773828327656
0.0007504457107372582
0.0005476847676932811
0.000435352159217
0.000351073309937492
0.0003205410879570991
0.00026047126831486823
0.00019300640504807233
0.00018851831510663034
0.00015116368114948274
0.0001710446783527732
0.00011532882688567043
0.00015717150998301803
0.0003764908262901008
0.00015173654787242413
0.00010701390058267862
7.9982915869914e-05
